Source,Component,Line,W,\sigma W,Center,\sigma Center,FWHM,\sigma FWHM,N(OH)_fit,\sigma N(OH)_fit,Tex,\sigma Tex,1/Tex,\sigma 1/Tex,y,\sigma y
W51,0,1667,-0.1012672031789456,0.0096411861101882,6.31381529209798,0.0952151974762419,3.04843918464538,0.1979989719964291,76381069134695.0,3376554855492.8545,3.3941374928540418,0.3231402687635106,0.2946256603055659,0.0309262974374379,0.0235761254469279,0.0022445748085816
W51,0,1665,-0.0356322069494687,0.0091366800590539,6.31381529209798,0.0952151975305055,3.04843918464538,0.1979989723210076,76381069134695.0,3376554855492.8545,5.358990901336362,1.3741328280431322,0.1866022947996854,0.0485537489675224,0.0149320297027736,0.003828816391306
W51,0,1612,-0.0627201874758061,0.0092884127178397,6.31381529209798,0.0952151975305055,3.04843918464538,0.1979989723210076,76381069134695.0,3376554855492.8545,0.6089033866819872,0.0901742515194864,1.6422966629388636,0.2538171006247127,0.131417582930017,0.0194620073338555
W51,0,1720,0.0527520798817846,0.009222831270565,6.31381529209798,0.0952151975305055,3.04843918464538,0.1979989723210076,76381069134695.0,3376554855492.8545,-0.7239626314816588,0.1265729277653599,-1.381286763314571,0.2490954056402435,-0.1105314112026451,0.0193245945544499
W51,0,316,-2.0028535366584155,0.1533542963594268,6.31381529209798,0.0952151975305055,3.04843918464538,0.1979989723210076,76381069134695.0,3376554855492.8545,0.0,0.0,0.0,0.0,0.0,0.0
W51,0,298,-0.1422026032217313,0.0108881550211527,8.38381529209798,0.0952151975305055,3.04843918464538,0.1979989723210076,76381069134695.0,3376554855492.8545,0.0,0.0,0.0,0.0,0.0,0.0
W51,0,353,-1.281826282562086,0.0981467503702821,1.9138152920979792,0.0952151975305055,3.04843918464538,0.1979989723210076,76381069134695.0,3376554855492.8545,0.0,0.0,0.0,0.0,0.0,0.0
G10,0,1667,-0.2588600564788272,0.012078442952396,69.89667087194542,0.0559520077653563,3.984605558664672,0.131676464412063,163440854986484.8,18870202900134.13,2.841241161126528,0.1325726716801255,0.3519588599805828,0.0438287300876192,0.0281639631336048,0.0013141340794324
G10,0,1665,-0.3110262731608806,0.0124098686424035,69.89667087194542,0.0559520077224364,3.984605558664672,0.1316764644009483,163440854986484.8,18870202900134.13,1.313722256688134,0.0524171815853922,0.7611959034027321,0.0929845053702577,0.0609113615212537,0.0024303477247329
G10,0,1612,-0.2000024324181044,0.011768686549329,69.89667087194542,0.0559520077224364,3.984605558664672,0.1316764644009483,163440854986484.8,18870202900134.13,0.4085971680704668,0.0240429675670761,2.447398264462615,0.3171484320184283,0.1958423052551551,0.0115238933635953
G10,0,1720,0.1629428627427778,0.0116116266714307,69.89667087194542,0.0559520077224364,3.984605558664672,0.1316764644009483,163440854986484.8,18870202900134.13,-0.5015281192294171,0.0357398733991184,-1.9939061473491653,0.2705277263828562,-0.1595535888169093,0.011370100391286
G10,0,316,-4.2857228650058685,0.8570352992396314,69.89667087194542,0.0559520077224364,3.984605558664672,0.1316764644009483,163440854986484.8,18870202900134.13,0.0,0.0,0.0,0.0,0.0,0.0
G10,0,298,-0.3042863279496361,0.0608495058879988,71.96667087194541,0.0559520077224364,3.984605558664672,0.1316764644009483,163440854986484.8,18870202900134.13,0.0,0.0,0.0,0.0,0.0,0.0
G10,0,353,-2.742862674475594,0.5485025901748255,65.49667087194541,0.0559520077224364,3.984605558664672,0.1316764644009483,163440854986484.8,18870202900134.13,0.0,0.0,0.0,0.0,0.0,0.0
G29,0,1667,-0.2570328038203264,0.0139469189465695,7.538602207893961,0.0579717627397114,2.728017511148721,0.1336970881525073,298818250665247.2,28549807830767.49,5.231558415919491,0.2838708526950395,0.1911476314508937,0.0103719077217004,0.0152957503202387,0.0008299663963999
G29,0,1665,-0.1575323121703569,0.0130288380375005,7.538602207893961,0.0579717627030822,2.728017511148721,0.1336970878455682,298818250665247.2,28549807830767.49,4.7421739474962825,0.3922053542943549,0.2108737492701988,0.0174404849884436,0.0174123541154664,0.001440102912834
G29,0,1612,-0.1313041153365084,0.0128528849451707,7.538602207893961,0.0579717627030822,2.728017511148721,0.1336970878455682,298818250665247.2,28549807830767.49,1.1378860818620598,0.1113835530090031,0.878822595635918,0.0860247653318157,0.0679987926983886,0.0066561558769354
G29,0,1720,0.0674697590760011,0.0125529681707776,7.538602207893961,0.0579717627030822,2.728017511148721,0.1336970878455682,298818250665247.2,28549807830767.49,-2.214460632122933,0.412007604757655,-0.4515772308136865,0.0840174128777707,-0.0372878211755723,0.0069375204355976
G29,0,316,-7.835569689494125,1.2966576573229849,7.538602207893961,0.0579717627030822,2.728017511148721,0.1336970878455682,298818250665247.2,28549807830767.49,0.0,0.0,0.0,0.0,0.0,0.0
G29,0,298,-0.556325456243978,0.0920626934813164,9.60860220789396,0.0579717629322617,2.728017511148721,0.1336970878455682,298818250665247.2,28549807830767.49,0.0,0.0,0.0,0.0,0.0,0.0
G29,0,353,-5.014764676002056,0.8298608966942722,3.1386022078939604,0.0579717627030822,2.728017511148721,0.1336970878455682,298818250665247.2,28549807830767.49,0.0,0.0,0.0,0.0,0.0,0.0
G32,0,1667,-0.0618615927047923,0.0192216365465984,71.43596629786904,0.1724937127018283,4.1288848597654,0.4058077414741696,309767465255191.75,13617067826396.98,20.881496457907225,6.48829941023943,0.0478892881080526,0.0150525694282487,0.0038321301098775,0.0011907196202149
G32,0,1665,-0.0464562557663423,0.0191166508546242,71.43596629786904,0.1724937131698629,4.1288848597654,0.4058077414549033,309767465255191.75,13617067826396.98,15.447777551838866,6.356727744562617,0.064734230969099,0.0268144106828333,0.0051800727351956,0.0021315889592643
G32,0,1612,-0.0036774532920507,0.0189796923071362,71.43596629786904,0.1724937131698629,4.1288848597654,0.4058077414549033,309767465255191.75,13617067826396.98,39.02950482177828,201.43505126727467,0.0256216420004899,0.1322413591469894,0.0020502594557898,0.0105815874547761
G32,0,1720,-0.0186875644460009,0.019001044737551,71.43596629786904,0.1724937131698629,4.1288848597654,0.4058077414549033,309767465255191.75,13617067826396.98,7.680464803677094,7.809303120347729,0.1302004534310528,0.1325285362662844,0.0104187198771274,0.010593491894856
G32,0,316,-8.122678518480587,0.6184516322886511,71.43596629786904,0.1724937131698629,4.1288848597654,0.4058077414549033,309767465255191.75,13617067826396.98,0.0,0.0,0.0,0.0,0.0,0.0
G32,0,298,-0.5767101748121216,0.0439100656781956,73.50596629786904,0.1724937131698629,4.1288848597654,0.4058077414549033,309767465255191.75,13617067826396.98,0.0,0.0,0.0,0.0,0.0,0.0
G32,0,353,-5.198514251827576,0.3958090447464721,67.03596629786904,0.1724937131698629,4.1288848597654,0.4058077414549033,309767465255191.75,13617067826396.98,0.0,0.0,0.0,0.0,0.0,0.0
G32,1,1667,-0.1560840815382498,0.0158977726928637,81.0924649760898,0.0887164214851358,2.3972924420382817,0.1746672178149312,381361227757377.0,221111417068804.88,7.897753784558085,0.8044170373667456,0.1266182799918666,0.1030121242243311,0.010132072168685,0.0010319910823575
G32,1,1665,-0.0628227668073488,0.0148067350785824,81.0924649760898,0.0887164214279941,2.3972924420382817,0.174667217794873,381361227757377.0,221111417068804.88,10.901158116223495,2.5693004061989053,0.0917333726690711,0.0771358685630052,0.0073405605590252,0.0017301010612774
G32,1,1612,0.0208825083292225,0.0149371643141621,81.0924649760898,0.0887164214279941,2.3972924420382817,0.174667217794873,381361227757377.0,221111417068804.88,-6.558990936038032,4.69161672544859,-0.1524624762790191,0.1644306543886866,-0.0122001405545446,0.008726705683344
G32,1,1720,-0.0461152358039367,0.0148636885928054,81.0924649760898,0.0887164214279941,2.3972924420382817,0.174667217794873,381361227757377.0,221111417068804.88,2.970128645453373,0.9573206446191744,0.3366857531678921,0.2926263220739359,0.0269417997897641,0.0086837791290352
G32,1,316,-9.99999999978794,10.042302662675642,81.0924649760898,0.0887164214279941,2.3972924420382817,0.174667217794873,381361227757377.0,221111417068804.88,0.0,0.0,0.0,0.0,0.0,0.0
G32,1,298,-0.7099999999849437,0.7130034899629423,83.1624649760898,0.0887164214279941,2.3972924420382817,0.174667217794873,381361227757377.0,221111417068804.88,0.0,0.0,0.0,0.0,0.0,0.0
G32,1,353,-6.399999999864282,6.427073710234381,76.6924649760898,0.0887164214279941,2.3972924420382817,0.174667217794873,381361227757377.0,221111417068804.88,0.0,0.0,0.0,0.0,0.0,0.0
G32,2,1667,-0.0248466131562974,0.0096382346978595,84.98159147201342,0.0559310989494123,0.8815485667268892,0.1349499438703623,381268009912957.3,179127562423845.88,35.42757865731797,13.7426906326493,0.0282265974108122,0.028071355648027,0.0022587095801738,0.0008761746685987
G32,2,1665,-0.0258165748716248,0.0094649830610665,84.98159147201342,0.0559310991004551,0.8815485667268892,0.1349499435607134,381268009912957.3,179127562423845.88,18.942510691932224,6.944784260683243,0.0527913124222708,0.0520729563712339,0.0042243930921854,0.0015487650573186
G32,2,1612,-0.0513725085210943,0.0110368162523746,84.98159147201342,0.0559310991004551,0.8815485667268892,0.1349499435607134,381268009912957.3,179127562423845.88,1.903861655243167,0.4090236561104006,0.5252482486035872,0.4940441155849775,0.0420306859457326,0.0090298288150332
G32,2,1720,0.0463990877924587,0.0106170894564836,84.98159147201342,0.0559310991004551,0.8815485667268892,0.1349499435607134,381268009912957.3,179127562423845.88,-2.1079325857535687,0.4823394143283143,-0.4743984730624144,0.4477768648070246,-0.0379616558216645,0.0086864271465346
G32,2,316,-9.997555654699012,8.13550570900015,84.98159147201342,0.0559310991004551,0.8815485667268892,0.1349499435607134,381268009912957.3,179127562423845.88,0.0,0.0,0.0,0.0,0.0,0.0
G32,2,298,-0.7098264514836298,0.577620904778586,87.05159147201341,0.0559310991004551,0.8815485667268892,0.1349499435607134,381268009912957.3,179127562423845.88,0.0,0.0,0.0,0.0,0.0,0.0
G32,2,353,-6.398435619007367,5.2067236808161645,80.58159147201341,0.0559310991004551,0.8815485667268892,0.1349499435607134,381268009912957.3,179127562423845.88,0.0,0.0,0.0,0.0,0.0,0.0
G32,3,1667,-0.2336367846490556,0.0288987908494111,89.65033429861552,0.2584560627444215,8.168961032052602,0.5355729198799194,381361231536722.9,5770327673789.781,13.751362444090407,1.7009211446011996,0.0727200671254029,0.0090140062508868,0.0058191042262897,0.0007197714016612
G32,3,1665,-0.1679348422003315,0.0281161592818,89.65033429861552,0.2584560629162439,8.168961032052602,0.5355729196783576,381361231536722.9,5770327673789.781,10.628540556053036,1.779462411085461,0.0940862947952428,0.0157705555112021,0.0075288428259396,0.0012605016405662
G32,3,1612,-0.3638567672667445,0.031067909719772,89.65033429861552,0.2584560629162439,8.168961032052602,0.5355729196783576,381361231536722.9,5770327673789.781,0.9811015991312168,0.0837713590891853,1.0192624299924882,0.0874187282203936,0.081562002739072,0.0069641715246803
G32,3,1720,0.3145074951013331,0.0301450002053669,89.65033429861552,0.2584560629162439,8.168961032052602,0.5355729196783576,381361231536722.9,5770327673789.781,-1.1350459425620374,0.1087921932054727,-0.8810216067050024,0.0847440770450635,-0.0704998875508289,0.0067572924582078
G32,3,316,-9.999999999748429,0.2620732015155333,89.65033429861552,0.2584560629162439,8.168961032052602,0.5355729196783576,381361231536722.9,5770327673789.781,0.0,0.0,0.0,0.0,0.0,0.0
G32,3,298,-0.7100000105619627,0.0186071973315021,91.72033429861553,0.2584560629162439,8.168961032052602,0.5355729196783576,381361231536722.9,5770327673789.781,0.0,0.0,0.0,0.0,0.0,0.0
G32,3,353,-6.400000095206425,0.1677268491303686,85.25033429861551,0.2584560629162439,8.168961032052602,0.5355729196783576,381361231536722.9,5770327673789.781,0.0,0.0,0.0,0.0,0.0,0.0
G34,0,1667,-0.1158126150260976,0.0110952960801424,11.695012321730252,0.0749752633391039,2.1774489261186174,0.1657099458826774,104435630956052.95,7914043733848.813,4.057937377515703,0.3887660827628126,0.2464306141195818,0.0301017396891434,0.0197195283887395,0.001889207026234
G34,0,1665,-0.0892647389552721,0.0107342202707248,11.695012321730252,0.0749752633985882,2.1774489261186174,0.1657099459083739,104435630956052.95,7914043733848.813,2.9248847915295686,0.3517218331249837,0.3418938082265626,0.0485957370129336,0.0273585515393245,0.0032899073245286
G34,0,1612,-0.0093421792738332,0.0101884531559734,11.695012321730252,0.0749752633985882,2.1774489261186174,0.1657099459083739,104435630956052.95,7914043733848.813,5.58946836144372,6.095797875220819,0.1789078916517396,0.1955849561876461,0.0143163188591659,0.0156131818697953
G34,0,1720,-0.0341804632286333,0.0102649788518571,11.695012321730252,0.0749752633985882,2.1774489261186174,0.1657099459083739,104435630956052.95,7914043733848.813,1.5277094148414896,0.4587973173515718,0.6545747445719295,0.2027416363074873,0.0523794712124301,0.0157304528224369
G34,0,316,-2.738496295703152,0.3594351829914831,11.695012321730252,0.0749752633985882,2.1774489261186174,0.1657099459083739,104435630956052.95,7914043733848.813,0.0,0.0,0.0,0.0,0.0,0.0
G34,0,298,-0.1944332369949238,0.0255198979267343,13.765012321730254,0.0749752633985882,2.1774489261186174,0.1657099459083739,104435630956052.95,7914043733848.813,0.0,0.0,0.0,0.0,0.0,0.0
G34,0,353,-1.7526376292500174,0.2300385165226758,7.295012321730253,0.0749752633985882,2.1774489261186174,0.1657099459083739,104435630956052.95,7914043733848.813,0.0,0.0,0.0,0.0,0.0,0.0
G34,1,1667,-0.0614030643972611,0.010925448809695,27.328804362291464,0.1322459886794792,2.1665007815247024,0.2837873958135548,66770759970721.78,6179737964022.948,4.8933782510315575,0.8706789166454886,0.2043577971494832,0.0409862909637182,0.0163528358550208,0.0029096604995392
G34,1,1665,-0.021873594372094,0.0102588020284327,27.328804362291464,0.1322459887348851,2.1665007815247024,0.2837873957340449,66770759970721.78,6179737964022.948,7.631434371836351,3.5791728182326623,0.1310369651726914,0.0626420413981012,0.010485658058066,0.0049178149839322
G34,1,1612,-0.0221112630223601,0.010260433286577,27.328804362291464,0.1322459887348851,2.1665007815247024,0.2837873957340449,66770759970721.78,6179737964022.948,1.509881183702613,0.7006399924044289,0.6623037698554171,0.3133863502278901,0.0529979525404889,0.0245929848429265
G34,1,1720,-0.0088984665774098,0.0101744483606041,27.328804362291464,0.1322459887348851,2.1665007815247024,0.2837873957340449,66770759970721.78,6179737964022.948,3.7518127078338135,4.28979805929939,0.2665378252789624,0.3057543633498646,0.021328519717566,0.0243868896496621
G34,1,316,-1.7508533759444909,0.2806675471596468,27.328804362291464,0.1322459887348851,2.1665007815247024,0.2837873957340449,66770759970721.78,6179737964022.948,0.0,0.0,0.0,0.0,0.0,0.0
G34,1,298,-0.1243105915444309,0.0199273958007897,29.398804362291465,0.1322459887348851,2.1665007815247024,0.2837873957340449,66770759970721.78,6179737964022.948,0.0,0.0,0.0,0.0,0.0,0.0
G34,1,353,-1.1205461773019132,0.179627230426472,22.928804362291466,0.132245988158023,2.1665007815247024,0.2837873957340449,66770759970721.78,6179737964022.948,0.0,0.0,0.0,0.0,0.0,0.0
W3IRS5,0,1667,-0.0781728453518777,0.0016212637232006,-20.98048727425853,0.0065536045516142,0.7275546089741677,0.0154317010457841,31829600186645.34,8955688048903.824,1.8322628554093368,0.0380001685428211,0.5457732208278572,0.1539772712814102,0.0436731067703554,0.0009057572788547
W3IRS5,0,1665,-0.0475743955317202,0.0014818126001137,-20.98048727425853,0.0065536045369896,0.7275546089741677,0.0154317010669299,31829600186645.34,8955688048903.824,1.6726224175261946,0.0520976240648289,0.5978635641384014,0.1692445812243388,0.0478414078857071,0.0014901293063188
W3IRS5,0,1612,-0.0033703751841382,0.0013936576010339,-20.98048727425853,0.0065536045369896,0.7275546089741677,0.0154317010669299,31829600186645.34,8955688048903.824,4.721966909862471,1.952543772198222,0.2117761558030751,0.1059197350098068,0.01694645744944,0.0070073976767215
W3IRS5,0,1720,-0.0150816658277559,0.0014023500126187,-20.98048727425853,0.0065536045369896,0.7275546089741677,0.0154317010669299,31829600186645.34,8955688048903.824,1.0552415280302423,0.0981203261662005,0.9476503468041496,0.2808171249633872,0.0758315600647541,0.0070511036664131
W3IRS5,0,316,-0.8346312512571057,0.4067439442952854,-20.98048727425853,0.0065536045369896,0.7275546089741677,0.0154317010669299,31829600186645.34,8955688048903.824,0.0,0.0,0.0,0.0,0.0,0.0
W3IRS5,0,298,-0.0592588197222797,0.0288788201681683,-18.91048727425853,0.0065536045369896,0.7275546089741677,0.0154317010669299,31829600186645.34,8955688048903.824,0.0,0.0,0.0,0.0,0.0,0.0
W3IRS5,0,353,-0.5341640087642116,0.2603161241043438,-25.380487274258527,0.0065536045742266,0.7275546089741677,0.0154317010669299,31829600186645.34,8955688048903.824,0.0,0.0,0.0,0.0,0.0,0.0
DR21,0,1667,-0.553446538989192,0.0235863994543454,8.000000000000636,0.0020036312894951,2.041372638780471,0.0557062757556943,381361226162572.0,47374925157335.01,3.1007972709810137,0.1321476202450887,0.3224977038513792,0.0423545188368623,0.0258064634100802,0.0010998018988533
DR21,0,1665,-0.2168450568512003,0.0167830892298339,8.000000000000636,0.0020036312894949,2.041372638780471,0.0557062757026329,381361226162572.0,47374925157335.01,4.396701862845126,0.3402901627208494,0.2274432133892506,0.0332894133169508,0.0182001449750032,0.0014086309438955
DR21,0,1612,-0.0816911248273939,0.0119499420202411,8.000000000000636,0.0020036312894949,2.041372638780471,0.0557062757026329,381361226162572.0,47374925157335.01,2.3341655961302665,0.3414464373986033,0.4284186184809963,0.0822189803593879,0.0342823197498548,0.0050148866746018
DR21,0,1720,-0.0024284786428037,0.0115949870201717,8.000000000000636,0.0020036312894949,2.041372638780471,0.0557062757026329,381361226162572.0,47374925157335.01,78.5185464349576,374.8937753494053,0.0127358445285072,0.0608289995555223,0.0010191300647922,0.0048659270313737
DR21,0,316,-9.999999957969193,2.151645285162636,8.000000000000636,0.0020036312894949,2.041372638780471,0.0557062757026329,381361226162572.0,47374925157335.01,0.0,0.0,0.0,0.0,0.0,0.0
DR21,0,298,-0.7099999970158125,0.15276681527946,10.070000000000636,0.0020036312894949,2.041372638780471,0.0557062757026329,381361226162572.0,47374925157335.01,0.0,0.0,0.0,0.0,0.0,0.0
DR21,0,353,-6.399999973100282,1.3770529767496262,3.600000000000636,0.0020036312894949,2.041372638780471,0.0557062757026329,381361226162572.0,47374925157335.01,0.0,0.0,0.0,0.0,0.0,0.0
DR21,1,1667,-0.1139428816162837,0.0173757636847336,8.637953754100254,0.017270907091098,0.7677548382319279,0.0520119227925608,381361226553924.1,98144293631334.23,15.061278907022173,2.29677553670786,0.0663954240654663,0.0198615771939254,0.0053130024222803,0.0008102083538386
DR21,1,1665,-0.1322363029162314,0.0126879761587842,8.637953754100254,0.0172709070993746,0.7677548382319279,0.0520119228816495,381361226553924.1,98144293631334.23,7.209843631130314,0.6917792019510205,0.1386992632797538,0.0380947593469178,0.0110987998366759,0.0010649216940681
DR21,1,1612,-0.019414288483734,0.0075055703471251,8.637953754100254,0.0172709070993746,0.7677548382319279,0.0520119228816495,381361226553924.1,98144293631334.23,9.821663741976469,3.797058450170652,0.1018157438770923,0.0472857311248036,0.0081473580666024,0.0031497713224636
DR21,1,1720,-0.0159360298675519,0.0071382436831203,8.637953754100254,0.0172709070993746,0.7677548382319279,0.0520119228816495,381361226553924.1,98144293631334.23,11.965377503791917,5.359664928622109,0.0835744630441532,0.0431743309874178,0.0066876796231701,0.0029956198138175
DR21,1,316,-9.999999968231172,4.457457325094421,8.637953754100254,0.0172709070993746,0.7677548382319279,0.0520119228816495,381361226553924.1,98144293631334.23,0.0,0.0,0.0,0.0,0.0,0.0
DR21,1,298,-0.7099999977444131,0.3164794681645851,10.707953754100254,0.0172709070993746,0.7677548382319279,0.0520119228816495,381361226553924.1,98144293631334.23,0.0,0.0,0.0,0.0,0.0,0.0
DR21,1,353,-6.399999979667951,2.852772673211688,4.237953754100253,0.0172709070993746,0.7677548382319279,0.0520119228816495,381361226553924.1,98144293631334.23,0.0,0.0,0.0,0.0,0.0,0.0
DR21,2,1667,-0.114753376553395,0.0136838821695388,12.000000000271523,7.366284272111738,3.092332536445967,0.3605056428789475,117692992766968.16,15403720302443.035,4.615275675177402,0.5503532045497598,0.2166717809248874,0.0383633414127694,0.0173382083644597,0.002067512150109
DR21,2,1665,-0.0931462278937473,0.0124551545780204,12.000000000271523,7.366284271945065,3.092332536445967,0.3605056431940251,117692992766968.16,15403720302443.035,3.158823374501581,0.4223856865031723,0.3165735723219365,0.0592337143888135,0.0253324107835799,0.0033873523306098
DR21,2,1612,-0.0071833201531497,0.0109440805479228,12.000000000271523,7.366284271945065,3.092332536445967,0.3605056431940251,117692992766968.16,15403720302443.035,8.192102694696315,12.481001798075388,0.1220687822489596,0.1866617268326655,0.0097680185781185,0.0148819737716496
DR21,2,1720,-0.0220686936419962,0.0110014071526377,12.000000000271523,7.366284271945065,3.092332536445967,0.3605056431940251,117692992766968.16,15403720302443.035,2.666514717096821,1.329277326386826,0.3750213691258956,0.1932868073885073,0.0300094392138855,0.0149599276046873
DR21,2,316,-3.0861289253172064,0.6995967189875462,12.000000000271523,7.366284271945065,3.092332536445967,0.3605056431940251,117692992766968.16,15403720302443.035,0.0,0.0,0.0,0.0,0.0,0.0
DR21,2,298,-0.2191151569625918,0.0496713668798055,14.070000000271524,7.366284271945065,3.092332536445967,0.3605056431940251,117692992766968.16,15403720302443.035,0.0,0.0,0.0,0.0,0.0,0.0
DR21,2,353,-1.975122541634631,0.4477418982780408,7.600000000271523,7.366284271945065,3.092332536445967,0.3605056431940251,117692992766968.16,15403720302443.035,0.0,0.0,0.0,0.0,0.0,0.0
W49N-1,0,1667,-0.4072000959827342,0.0341956311884145,59.78464931905937,0.255444145879996,8.71353346544533,0.6147698993092838,253995396772870.1,13196690595606.977,2.806922927460163,0.2357182676248743,0.3562620085564114,0.0351810917483783,0.0285083037132247,0.0023940550338821
W49N-1,0,1665,-0.185162521424095,0.0317121225202308,59.78464931905937,0.2554441461066283,8.71353346544533,0.6147698982137791,253995396772870.1,13196690595606.977,3.4293575559915914,0.5873337981404965,0.2915998065739319,0.0521887542993433,0.0233339947815708,0.0039963297956219
W49N-1,0,1612,-0.1827290331204523,0.0316933350545274,59.78464931905937,0.2554441461066283,8.71353346544533,0.6147698982137791,253995396772870.1,13196690595606.977,0.6950055840481575,0.1205448552091109,1.4388373603782574,0.2605147791830529,0.1151366451612618,0.0199698110904176
W49N-1,0,1720,0.123925059110995,0.0313372196733042,59.78464931905937,0.2554441461066283,8.71353346544533,0.6147698982137791,253995396772870.1,13196690595606.977,-1.024794333748818,0.2591421411216006,-0.9758055514825912,0.25190886570541,-0.0780845567548402,0.0197454245789576
W49N-1,0,316,-6.660231186662244,0.5993591955460027,59.78464931905937,0.2554441461066283,8.71353346544533,0.6147698982137791,253995396772870.1,13196690595606.977,0.0,0.0,0.0,0.0,0.0,0.0
W49N-1,0,298,-0.4728764212994269,0.0425545029200882,61.85464931905937,0.2554441461066283,8.71353346544533,0.6147698982137791,253995396772870.1,13196690595606.977,0.0,0.0,0.0,0.0,0.0,0.0
W49N-1,0,353,-4.26254802298075,0.3835898860812309,55.38464931905937,0.2554441461066283,8.71353346544533,0.6147698982137791,253995396772870.1,13196690595606.977,0.0,0.0,0.0,0.0,0.0,0.0
W49N2,0,1667,-0.1356345516787307,0.0245751236181785,39.19489630732229,0.1975109476737401,4.27967332331192,0.4573206178226091,166795940947272.28,11323812068104.363,5.533853468551158,1.0026584774405731,0.1807059051496378,0.0349644022618069,0.0144601969984215,0.0026199897030746
W49N2,0,1665,-0.1631026801097785,0.0250502140972532,39.19489630732229,0.1975109472395556,4.27967332331192,0.4573206187165889,166795940947272.28,11323812068104.363,2.5566094443544385,0.3926582561428967,0.3911430438498231,0.0656812925539021,0.0312995054807262,0.0048071516231531
W49N2,0,1612,-0.0988277125542484,0.0240687446550465,39.19489630732229,0.1975109472395556,4.27967332331192,0.4573206187165889,166795940947272.28,11323812068104.363,0.8438723139307441,0.2055187428760255,1.1850134001221293,0.2996046041009413,0.0948254966950077,0.0230940351420891
W49N2,0,1720,0.0725619403706119,0.0238002483104314,39.19489630732229,0.1975109472395556,4.27967332331192,0.4573206187165889,166795940947272.28,11323812068104.363,-1.1493348999169388,0.3769807680190811,-0.8700684196331886,0.2914306674703645,-0.0696234068254877,0.0228364120667301
W49N2,0,316,-4.373699452116821,0.5142979484605947,39.19489630732229,0.1975109472395556,4.27967332331192,0.4573206187165889,166795940947272.28,11323812068104.363,0.0,0.0,0.0,0.0,0.0,0.0
W49N2,0,298,-0.3105326657275915,0.0365151543471192,41.26489630732229,0.1975109472395556,4.27967332331192,0.4573206187165889,166795940947272.28,11323812068104.363,0.0,0.0,0.0,0.0,0.0,0.0
W49N2,0,353,-2.799167691065614,0.3291506868505135,34.79489630732229,0.1975109472395556,4.27967332331192,0.4573206187165889,166795940947272.28,11323812068104.363,0.0,0.0,0.0,0.0,0.0,0.0
