   -0.4970491065E+02    0.7290591240E+01
   -0.4824915375E+02    0.6809505463E+01
   -0.4679339684E+02    0.8086740494E+01
   -0.4533763994E+02    0.6433170319E+01
   -0.4388188304E+02    0.8306743622E+01
   -0.4242612614E+02    0.9683224678E+01
   -0.4097036923E+02    0.8622873306E+01
   -0.3951461233E+02    0.8935347557E+01
   -0.3805885543E+02    0.8420934677E+01
   -0.3660309853E+02    0.8751747131E+01
   -0.3514734162E+02    0.8952015877E+01
   -0.3369158472E+02    0.9066112518E+01
   -0.3223582782E+02    0.7411780834E+01
   -0.3078007091E+02    0.8704324722E+01
   -0.2932431401E+02    0.7745249271E+01
   -0.2786855711E+02    0.8923567772E+01
   -0.2641280021E+02    0.7934762955E+01
   -0.2495704330E+02    0.8880593300E+01
   -0.2350128640E+02    0.9577841759E+01
   -0.2204552950E+02    0.7972075462E+01
   -0.2058977260E+02    0.8288299561E+01
   -0.1913401569E+02    0.8252033234E+01
   -0.1767825879E+02    0.7329013348E+01
   -0.1622250189E+02    0.8671496391E+01
   -0.1476674499E+02    0.7239836216E+01
   -0.1331098808E+02    0.8840813637E+01
   -0.1185523118E+02    0.7797930241E+01
   -0.1039947428E+02    0.8189078331E+01
   -0.8943717374E+01    0.7950281620E+01
   -0.7487960472E+01    0.7877392769E+01
   -0.6032203569E+01    0.6725608826E+01
   -0.4576446666E+01    0.8296828270E+01
   -0.3120689763E+01    0.7692935944E+01
   -0.1664932861E+01    0.7885496140E+01
   -0.2091759581E+00    0.5594117165E+01
    0.1246580945E+01    0.6834654331E+01
    0.2702337847E+01    0.7070361614E+01
    0.4158094750E+01    0.5992261887E+01
    0.5613851653E+01    0.5670644283E+01
    0.7069608555E+01    0.4739503860E+01
    0.8525365458E+01    0.3212732315E+01
    0.9981122361E+01    0.3803404331E+01
    0.1143687926E+02    0.9122754335E+00
    0.1289263617E+02    0.3441897392E+01
    0.1434839307E+02    0.4888723373E+01
    0.1580414997E+02    0.5630033970E+01
    0.1725990687E+02    0.7508730412E+01
    0.1871566378E+02    0.6869575500E+01
    0.2017142068E+02    0.7235949516E+01
    0.2162717758E+02    0.6589603901E+01
    0.2308293449E+02    0.3644072056E+01
    0.2453869139E+02    0.5056134224E+01
    0.2599444829E+02    0.3778952122E+01
    0.2745020519E+02    0.2818085194E+01
    0.2890596210E+02    0.4069310665E+01
    0.3036171900E+02    0.4323642731E+01
    0.3181747590E+02    0.7232635498E+01
    0.3327323280E+02    0.8030304909E+01
    0.3472898971E+02    0.6755095959E+01
    0.3618474661E+02    0.8135196686E+01
    0.3764050351E+02    0.6829390049E+01
    0.3909626041E+02    0.6079533100E+01
    0.4055201732E+02    0.5695296764E+01
    0.4200777422E+02    0.5270918846E+01
    0.4346353112E+02    0.3515687466E+01
    0.4491928803E+02    0.3348586082E+01
    0.4637504493E+02    0.2379306316E+01
    0.4783080183E+02    0.1480944276E+01
    0.4928655873E+02    0.1618713021E+01
    0.5074231564E+02    0.3996859074E+01
    0.5219807254E+02    0.3359347284E+00
    0.5365382944E+02    0.2349992275E+01
    0.5510958634E+02    0.8692494631E+00
    0.5656534325E+02    0.4159198284E+01
    0.5802110015E+02    0.2517934322E+01
    0.5947685705E+02    0.2929127216E+01
    0.6093261396E+02    0.1572203755E+01
    0.6238837086E+02    0.3947262287E+01
    0.6384412776E+02    0.4761396885E+01
    0.6529988466E+02    0.4767603397E+01
    0.6675564157E+02    0.7007099628E+01
    0.6821139847E+02    0.7582850456E+01
    0.6966715537E+02    0.1042954540E+02
    0.7112291227E+02    0.8122644424E+01
    0.7257866918E+02    0.9375967979E+01
    0.7403442608E+02    0.7053213120E+01
    0.7549018298E+02    0.8835471153E+01
    0.7694593988E+02    0.6978949547E+01
    0.7840169679E+02    0.6541616440E+01
    0.7985745369E+02    0.8159904480E+01
    0.8131321059E+02    0.8490932465E+01
    0.8276896750E+02    0.9749705315E+01
    0.8422472440E+02    0.9040953636E+01
    0.8568048130E+02    0.8416178703E+01
    0.8713623820E+02    0.9074277878E+01
    0.8859199511E+02    0.7217720985E+01
    0.9004775201E+02    0.7997420311E+01
    0.9150350891E+02    0.9152347565E+01
    0.9295926581E+02    0.8849445343E+01
    0.9441502272E+02    0.8264608383E+01
    0.9587077962E+02    0.6254673004E+01
    0.9732653652E+02    0.7257210255E+01
    0.9878229343E+02    0.9621152878E+01
    0.1002380503E+03    0.8703413963E+01
    0.1016938072E+03    0.1079019737E+02
    0.1031495641E+03    0.8297740936E+01
    0.1046053210E+03    0.1095981121E+02
    0.1060610779E+03    0.8597007751E+01
    0.1075168348E+03    0.3980924988E+02
    0.1089725917E+03    0.9029251099E+01
    0.1104283486E+03    0.3053215599E+02
    0.1118841055E+03    0.3052979660E+02
    0.1133398625E+03    0.8776867867E+01
    0.1147956194E+03    0.8461534882E+02
    0.1162513763E+03    0.7700785828E+02
    0.1177071332E+03    0.1162725143E+03
    0.1191628901E+03   -0.6575228882E+02
    0.1206186470E+03    0.1030743561E+03
    0.1220744039E+03    0.5206860352E+02
    0.1235301608E+03    0.2066168518E+03
    0.1249859177E+03    0.4481800537E+03
    0.1264416746E+03    0.2406280327E+02
    0.1278974315E+03    0.5117329102E+03
    0.1293531884E+03    0.1908856506E+03
    0.1308089453E+03    0.1727697449E+03
    0.1322647022E+03    0.4971181946E+03
    0.1337204591E+03    0.5337972412E+03
    0.1351762160E+03    0.5571530762E+03
    0.1366319729E+03    0.1081053345E+04
    0.1380877298E+03    0.9854460449E+03
    0.1395434867E+03    0.1206077026E+04
    0.1409992436E+03    0.1264867554E+04
    0.1424550005E+03    0.1198160522E+04
    0.1439107574E+03    0.7393129272E+03
    0.1453665143E+03    0.1052945801E+04
    0.1468222712E+03    0.1021127258E+04
    0.1482780281E+03    0.1103269897E+04
    0.1497337850E+03    0.1403857422E+04
    0.1511895419E+03    0.6721679077E+03
    0.1526452988E+03    0.1241115845E+04
    0.1541010557E+03    0.1434944580E+04
    0.1555568126E+03    0.1271684082E+04
    0.1570125695E+03    0.1491996704E+04
    0.1584683264E+03    0.1104112427E+04
    0.1599240833E+03    0.1751016113E+04
    0.1613798402E+03    0.1523415649E+04
    0.1628355971E+03    0.7876905518E+03
    0.1642913540E+03    0.1835472534E+04
    0.1657471109E+03    0.1140829590E+04
    0.1672028679E+03    0.1834733887E+04
    0.1686586248E+03    0.2192624512E+04
    0.1701143817E+03    0.1133854736E+04
    0.1715701386E+03    0.1757429565E+04
    0.1730258955E+03    0.1092540527E+04
    0.1744816524E+03    0.1318536987E+04
    0.1759374093E+03    0.1299765991E+04
    0.1773931662E+03    0.2296960693E+04
    0.1788489231E+03    0.4638249023E+04
    0.1803046800E+03    0.4058031982E+04
    0.1817604369E+03    0.2054341064E+04
    0.1832161938E+03    0.2205238037E+04
    0.1846719507E+03    0.1088350098E+04
    0.1861277076E+03    0.2087970459E+04
    0.1875834645E+03    0.3162507812E+05
    0.1890392214E+03    0.2369049219E+05
    0.1904949783E+03    0.4261431641E+05
    0.1919507352E+03    0.6172075684E+04
    0.1934064921E+03   -0.4274858887E+04
    0.1948622490E+03    0.2374753125E+05
    0.1963180059E+03    0.1087142383E+05
    0.1977737628E+03    0.4053913086E+04
    0.1992295197E+03    0.5267357178E+03
    0.2006852766E+03   -0.1026211792E+04
    0.2021410335E+03    0.1905110962E+04
    0.2035967904E+03   -0.8176281250E+04
    0.2050525473E+03   -0.5705727734E+05
    0.2065083042E+03   -0.1875683228E+04
    0.2079640611E+03    0.5503010742E+04
    0.2094198180E+03    0.1928885742E+05
    0.2108755749E+03   -0.2157619873E+04
    0.2123313318E+03   -0.9486301758E+04
    0.2137870887E+03   -0.8566065430E+04
    0.2152428456E+03   -0.2865864746E+04
    0.2166986025E+03    0.1304043823E+04
    0.2181543594E+03   -0.3862614502E+04
    0.2196101163E+03   -0.1241988477E+05
    0.2210658733E+03    0.3249914062E+04
    0.2225216302E+03    0.6505956055E+04
    0.2239773871E+03   -0.8432096680E+04
    0.2254331440E+03   -0.1146283447E+04
    0.2268889009E+03    0.1382086548E+04
    0.2283446578E+03    0.8078211914E+04
    0.2298004147E+03    0.8890937500E+04
    0.2312561716E+03    0.1981500366E+04
    0.2327119285E+03   -0.3703137817E+03
    0.2341676854E+03    0.1512170258E+03
    0.2356234423E+03    0.1825790625E+05
    0.2370791992E+03   -0.1994890625E+05
    0.2385349561E+03    0.1955194824E+04
    0.2399907130E+03   -0.1695229004E+04
