    0.9874581233E+02   -0.8112754822E+01
    0.9825111756E+02   -0.1055302811E+02
    0.9775642279E+02   -0.2333823681E+01
    0.9726172803E+02    0.1240395308E+01
    0.9676703326E+02    0.2231013060E+01
    0.9627233849E+02    0.3292675018E+00
    0.9577764372E+02   -0.4210387707E+01
    0.9528294895E+02   -0.1123242378E+00
    0.9478825418E+02   -0.1334266663E+00
    0.9429355941E+02   -0.4156512737E+01
    0.9379886464E+02   -0.7189635754E+01
    0.9330416987E+02   -0.4957421780E+01
    0.9280947510E+02   -0.2184057236E-01
    0.9231478033E+02   -0.2697381496E+01
    0.9182008556E+02   -0.2641213417E+01
    0.9132539079E+02   -0.4908180714E+01
    0.9083069602E+02   -0.1906668186E+01
    0.9033600125E+02   -0.1850406170E+01
    0.8984130648E+02   -0.4325064182E+01
    0.8934661172E+02   -0.1454158783E+01
    0.8885191695E+02    0.1222919464E+01
    0.8835722218E+02   -0.2653915405E+01
    0.8786252741E+02   -0.8832553864E+01
    0.8736783264E+02   -0.5167717457E+01
    0.8687313787E+02    0.1970012188E+01
    0.8637844310E+02   -0.5850873470E+01
    0.8588374833E+02   -0.4024572849E+01
    0.8538905356E+02   -0.1414487362E+01
    0.8489435879E+02   -0.4744729519E+01
    0.8439966402E+02   -0.3876060009E+01
    0.8390496925E+02   -0.6666413784E+01
    0.8341027448E+02   -0.4964527607E+01
    0.8291557971E+02   -0.1352854729E+01
    0.8242088494E+02    0.4507121086E+01
    0.8192619017E+02    0.2587510824E+01
    0.8143149541E+02   -0.2062859058E+01
    0.8093680064E+02   -0.6278192997E+01
    0.8044210587E+02   -0.6412929058E+01
    0.7994741110E+02   -0.9543794632E+01
    0.7945271633E+02   -0.4036194324E+01
    0.7895802156E+02   -0.4516823292E+01
    0.7846332679E+02   -0.3810094357E+01
    0.7796863202E+02    0.2400106430E+01
    0.7747393725E+02   -0.1177907467E+01
    0.7697924248E+02   -0.1192955971E+01
    0.7648454771E+02    0.1932477951E-01
    0.7598985294E+02    0.4897022247E+00
    0.7549515817E+02   -0.3866448402E+00
    0.7500046340E+02   -0.3830366611E+01
    0.7450576863E+02   -0.1141488552E+01
    0.7401107386E+02   -0.1505539894E+01
    0.7351637910E+02   -0.7906560898E+00
    0.7302168433E+02    0.3670678139E+00
    0.7252698956E+02    0.3252686262E+01
    0.7203229479E+02    0.2516721964E+01
    0.7153760002E+02    0.1504684925E+01
    0.7104290525E+02    0.2524885893E+01
    0.7054821048E+02    0.2606415272E+01
    0.7005351571E+02    0.2135372400E+01
    0.6955882094E+02    0.2199154854E+01
    0.6906412617E+02    0.3929722309E+01
    0.6856943140E+02    0.3996953964E+01
    0.6807473663E+02    0.2016331673E+01
    0.6758004186E+02    0.4546000004E+01
    0.6708534709E+02    0.4478844166E+01
    0.6659065232E+02    0.4501498699E+01
    0.6609595755E+02    0.3451127052E+01
    0.6560126278E+02    0.3245080471E+01
    0.6510656802E+02    0.2291861773E+01
    0.6461187325E+02    0.4371288300E+01
    0.6411717848E+02    0.4390731335E+01
    0.6362248371E+02    0.5792260170E+00
    0.6312778894E+02   -0.1853141785E+00
    0.6263309417E+02    0.9680030346E+00
    0.6213839940E+02    0.2496571541E+01
    0.6164370463E+02    0.5537445068E+01
    0.6114900986E+02    0.8791832924E+00
    0.6065431509E+02    0.2160512686E+01
    0.6015962032E+02    0.5200645447E+01
    0.5966492555E+02    0.2674107075E+01
    0.5917023078E+02    0.9417228699E+00
    0.5867553601E+02    0.1264541388E+01
    0.5818084124E+02    0.2028247356E+01
    0.5768614647E+02    0.2229713440E+01
    0.5719145171E+02    0.2307733059E+01
    0.5669675694E+02    0.8812475204E-01
    0.5620206217E+02    0.2545042276E+01
    0.5570736740E+02    0.4465765953E+00
    0.5521267263E+02    0.2331176281E+01
    0.5471797786E+02    0.3067978859E+01
    0.5422328309E+02    0.3111661673E+01
    0.5372858832E+02    0.5301688671E+01
    0.5323389355E+02    0.3527842760E+01
    0.5273919878E+02    0.2638615608E+01
    0.5224450401E+02    0.2804105759E+01
    0.5174980924E+02    0.3516842604E+01
    0.5125511447E+02    0.4358364105E+01
    0.5076041970E+02    0.2285882950E+01
    0.5026572493E+02    0.2421546698E+01
    0.4977103016E+02    0.2073998928E+01
    0.4927633540E+02    0.2437567949E+01
    0.4878164063E+02    0.3112192869E+01
    0.4828694586E+02    0.3154158831E+01
    0.4779225109E+02    0.3118743420E+01
    0.4729755632E+02    0.1930340290E+01
    0.4680286155E+02    0.4503232002E+01
    0.4630816678E+02    0.4300165653E+01
    0.4581347201E+02    0.3014308929E+01
    0.4531877724E+02    0.3969594479E+01
    0.4482408247E+02    0.4026387691E+01
    0.4432938770E+02    0.4101910591E+01
    0.4383469293E+02    0.3831299305E+01
    0.4333999816E+02    0.4482462883E+01
    0.4284530339E+02    0.4119321346E+01
    0.4235060862E+02    0.4064471245E+01
    0.4185591385E+02    0.2323173285E+01
    0.4136121909E+02    0.3222848177E+01
    0.4086652432E+02    0.4059368134E+01
    0.4037182955E+02    0.2351866245E+01
    0.3987713478E+02    0.3050256968E+01
    0.3938244001E+02    0.4716556072E+01
    0.3888774524E+02    0.4963130951E+01
    0.3839305047E+02    0.2530796051E+01
    0.3789835570E+02    0.2469573975E+01
    0.3740366093E+02    0.4116790771E+01
    0.3690896616E+02    0.3362517834E+01
    0.3641427139E+02    0.4844258785E+01
    0.3591957662E+02    0.5551104069E+01
    0.3542488185E+02    0.3826316118E+01
    0.3493018708E+02    0.5928906441E+01
    0.3443549231E+02    0.7030424118E+01
    0.3394079754E+02    0.5121852398E+01
    0.3344610278E+02    0.6078219891E+01
    0.3295140801E+02    0.5160885811E+01
    0.3245671324E+02    0.5835916042E+01
    0.3196201847E+02    0.5566852570E+01
    0.3146732370E+02    0.4156957150E+01
    0.3097262893E+02    0.4552867889E+01
    0.3047793416E+02    0.3700813293E+01
    0.2998323939E+02    0.3705763578E+01
    0.2948854462E+02    0.2934100628E+01
    0.2899384985E+02    0.5017074585E+01
    0.2849915508E+02    0.3299973488E+01
    0.2800446031E+02    0.3729618073E+01
    0.2750976554E+02    0.3759536743E+01
    0.2701507077E+02    0.4558165550E+01
    0.2652037600E+02    0.3013992310E+01
    0.2602568123E+02    0.3098533869E+01
    0.2553098646E+02    0.4057717323E+01
    0.2503629170E+02    0.3174644470E+01
    0.2454159693E+02    0.4462909222E+01
    0.2404690216E+02    0.4577645302E+01
    0.2355220739E+02    0.2923804760E+01
    0.2305751262E+02    0.4119272232E+01
    0.2256281785E+02    0.4471193790E+01
    0.2206812308E+02    0.5249931335E+01
    0.2157342831E+02    0.4611576557E+01
    0.2107873354E+02    0.4485642433E+01
    0.2058403877E+02    0.3602334976E+01
    0.2008934400E+02    0.4011780262E+01
    0.1959464923E+02    0.3807688951E+01
    0.1909995446E+02    0.4749006271E+01
    0.1860525969E+02    0.4413505077E+01
    0.1811056492E+02    0.3666487694E+01
    0.1761587015E+02    0.4058319092E+01
    0.1712117539E+02    0.4425017357E+01
    0.1662648062E+02    0.4508905411E+01
    0.1613178585E+02    0.5115868092E+01
    0.1563709108E+02    0.5292309284E+01
    0.1514239631E+02    0.5366436958E+01
    0.1464770154E+02    0.5604720116E+01
    0.1415300677E+02    0.3528736115E+01
    0.1365831200E+02    0.5396960735E+01
    0.1316361723E+02    0.5781947613E+01
    0.1266892246E+02    0.4439314842E+01
    0.1217422769E+02    0.5594462395E+01
    0.1167953292E+02    0.5306272507E+01
    0.1118483815E+02    0.5026772499E+01
    0.1069014338E+02    0.5726594448E+01
    0.1019544861E+02    0.4260159016E+01
    0.9700753845E+01    0.4381244659E+01
    0.9206059075E+01    0.4124944687E+01
    0.8711364306E+01    0.4306204796E+01
    0.8216669537E+01    0.4102840900E+01
    0.7721974767E+01    0.4732047081E+01
    0.7227279998E+01    0.4031323910E+01
    0.6732585228E+01    0.4046800613E+01
    0.6237890459E+01    0.3804215431E+01
    0.5743195690E+01    0.3735600471E+01
    0.5248500920E+01    0.3343202591E+01
    0.4753806151E+01    0.3619542599E+01
    0.4259111381E+01    0.3174339294E+01
    0.3764416612E+01    0.3590177536E+01
    0.3269721843E+01    0.3512428999E+01
    0.2775027073E+01    0.3785681009E+01
    0.2280332304E+01    0.3952507496E+01
    0.1785637535E+01    0.3253325462E+01
    0.1290942765E+01    0.3832739830E+01
    0.7962479958E+00    0.2931362629E+01
    0.3015532264E+00    0.3329950094E+01
   -0.1931415430E+00    0.3647115707E+01
   -0.6878363123E+00    0.3895230770E+01
   -0.1182531082E+01    0.2903947830E+01
   -0.1677225851E+01    0.3467368126E+01
   -0.2171920620E+01    0.3300190449E+01
   -0.2666615390E+01    0.3695666313E+01
   -0.3161310159E+01    0.3134661198E+01
   -0.3656004929E+01    0.2954540730E+01
   -0.4150699698E+01    0.3157745838E+01
   -0.4645394467E+01    0.3261662006E+01
   -0.5140089237E+01    0.3037720203E+01
   -0.5634784006E+01    0.3386742592E+01
   -0.6129478776E+01    0.3257130623E+01
   -0.6624173545E+01    0.3341295958E+01
   -0.7118868314E+01    0.3473258495E+01
   -0.7613563084E+01    0.3685045719E+01
   -0.8108257853E+01    0.4563481808E+01
   -0.8602952622E+01    0.5189608097E+01
   -0.9097647392E+01    0.4290101051E+01
   -0.9592342161E+01    0.3377349377E+01
   -0.1008703693E+02    0.2634437084E+01
   -0.1058173170E+02    0.3756799698E+01
   -0.1107642647E+02    0.2990857601E+01
   -0.1157112124E+02    0.4007206917E+01
   -0.1206581601E+02    0.4426607132E+01
   -0.1256051078E+02    0.4237026215E+01
   -0.1305520555E+02    0.4665127277E+01
   -0.1354990032E+02    0.4323359013E+01
   -0.1404459509E+02    0.3129514217E+01
   -0.1453928986E+02    0.3630397320E+01
   -0.1503398462E+02    0.3970803022E+01
   -0.1552867939E+02    0.4010784149E+01
   -0.1602337416E+02    0.4190610886E+01
   -0.1651806893E+02    0.4107427120E+01
   -0.1701276370E+02    0.4198075771E+01
   -0.1750745847E+02    0.3683956146E+01
   -0.1800215324E+02    0.3791700363E+01
   -0.1849684801E+02    0.3593871832E+01
   -0.1899154278E+02    0.4229124069E+01
   -0.1948623755E+02    0.3829751730E+01
   -0.1998093232E+02    0.4031799793E+01
   -0.2047562709E+02    0.4031080246E+01
   -0.2097032186E+02    0.4098787308E+01
   -0.2146501663E+02    0.3883344173E+01
   -0.2195971140E+02    0.4104262352E+01
   -0.2245440617E+02    0.3564846516E+01
   -0.2294910093E+02    0.4214246750E+01
   -0.2344379570E+02    0.3897315502E+01
   -0.2393849047E+02    0.4033731937E+01
   -0.2443318524E+02    0.4484267712E+01
   -0.2492788001E+02    0.3344434738E+01
   -0.2542257478E+02    0.4182810307E+01
   -0.2591726955E+02    0.4394238472E+01
   -0.2641196432E+02    0.4315363884E+01
   -0.2690665909E+02    0.4175159931E+01
   -0.2740135386E+02    0.4016624451E+01
   -0.2789604863E+02    0.4300009251E+01
   -0.2839074340E+02    0.4422612667E+01
   -0.2888543817E+02    0.4634221554E+01
   -0.2938013294E+02    0.4316837788E+01
   -0.2987482771E+02    0.4473711491E+01
   -0.3036952248E+02    0.4807077885E+01
   -0.3086421724E+02    0.5314196587E+01
   -0.3135891201E+02    0.5071299553E+01
   -0.3185360678E+02    0.4646203995E+01
   -0.3234830155E+02    0.5030246258E+01
   -0.3284299632E+02    0.4638837814E+01
   -0.3333769109E+02    0.4368299007E+01
   -0.3383238586E+02    0.4563766479E+01
   -0.3432708063E+02    0.5008308887E+01
   -0.3482177540E+02    0.4497572899E+01
   -0.3531647017E+02    0.5058180332E+01
   -0.3581116494E+02    0.4440258026E+01
   -0.3630585971E+02    0.3914467335E+01
   -0.3680055448E+02    0.4660625458E+01
   -0.3729524925E+02    0.5063366890E+01
   -0.3778994402E+02    0.4078171730E+01
   -0.3828463879E+02    0.4108968258E+01
   -0.3877933355E+02    0.4295506954E+01
   -0.3927402832E+02    0.4802190304E+01
   -0.3976872309E+02    0.4121695518E+01
   -0.4026341786E+02    0.4450652599E+01
   -0.4075811263E+02    0.3883912563E+01
   -0.4125280740E+02    0.3800324917E+01
   -0.4174750217E+02    0.4652685165E+01
   -0.4224219694E+02    0.4511088371E+01
   -0.4273689171E+02    0.4428492546E+01
   -0.4323158648E+02    0.4484281063E+01
   -0.4372628125E+02    0.4831818581E+01
   -0.4422097602E+02    0.4059410572E+01
   -0.4471567079E+02    0.4462915421E+01
   -0.4521036556E+02    0.4207105637E+01
   -0.4570506033E+02    0.3853597403E+01
   -0.4619975510E+02    0.4385609150E+01
   -0.4669444986E+02    0.4070621014E+01
   -0.4718914463E+02    0.4011054993E+01
   -0.4768383940E+02    0.4251513004E+01
   -0.4817853417E+02    0.4230669975E+01
   -0.4867322894E+02    0.3821183681E+01
   -0.4916792371E+02    0.3954756737E+01
   -0.4966261848E+02    0.4281120300E+01
   -0.5015731325E+02    0.3383126736E+01
   -0.5065200802E+02    0.3898772001E+01
   -0.5114670279E+02    0.4218954086E+01
   -0.5164139756E+02    0.2526025295E+01
   -0.5213609233E+02    0.2088224888E+01
   -0.5263078710E+02    0.1946611643E+01
   -0.5312548187E+02    0.1115993738E+01
   -0.5362017664E+02    0.9036819935E+00
   -0.5411487141E+02   -0.3254165649E+00
   -0.5460956618E+02   -0.7088918686E+00
   -0.5510426094E+02    0.8025217056E-01
   -0.5559895571E+02   -0.2240977287E+00
   -0.5609365048E+02   -0.4537439346E+00
   -0.5658834525E+02   -0.9737153053E+00
   -0.5708304002E+02   -0.7686614990E-03
   -0.5757773479E+02   -0.3449296951E-01
   -0.5807242956E+02   -0.1319375515E+01
   -0.5856712433E+02   -0.8792591095E+00
   -0.5906181910E+02   -0.6829595566E+00
   -0.5955651387E+02   -0.1690969467E+00
   -0.6005120864E+02   -0.7027540207E+00
   -0.6054590341E+02   -0.5689721107E+00
   -0.6104059818E+02   -0.3226947784E+00
   -0.6153529295E+02    0.4091038704E+00
   -0.6202998772E+02    0.3673148155E+00
   -0.6252468249E+02    0.3495612144E+00
   -0.6301937725E+02    0.5694577694E+00
   -0.6351407202E+02    0.4735941887E+00
   -0.6400876679E+02    0.8953692913E+00
   -0.6450346156E+02    0.1997273207E+01
   -0.6499815633E+02    0.1714444876E+01
   -0.6549285110E+02    0.2532416582E+01
   -0.6598754587E+02    0.2054654837E+01
   -0.6648224064E+02    0.2219768524E+01
   -0.6697693541E+02    0.1835085392E+01
   -0.6747163018E+02    0.1959856510E+01
   -0.6796632495E+02    0.1489745855E+01
   -0.6846101972E+02    0.2247619867E+01
   -0.6895571449E+02    0.2407831907E+01
   -0.6945040926E+02    0.2098484516E+01
   -0.6994510403E+02    0.1785371304E+01
   -0.7043979880E+02    0.3697467804E+01
   -0.7093449356E+02    0.3032713413E+01
   -0.7142918833E+02    0.3227145910E+01
   -0.7192388310E+02    0.2938311815E+01
   -0.7241857787E+02    0.3480945349E+01
   -0.7291327264E+02    0.3564719200E+01
   -0.7340796741E+02    0.4020279408E+01
   -0.7390266218E+02    0.4057829380E+01
   -0.7439735695E+02    0.4999572277E+01
   -0.7489205172E+02    0.4092304707E+01
   -0.7538674649E+02    0.3815348148E+01
   -0.7588144126E+02    0.4457577229E+01
   -0.7637613603E+02    0.4600935936E+01
   -0.7687083080E+02    0.4237294197E+01
   -0.7736552557E+02    0.4003718376E+01
   -0.7786022034E+02    0.4309231758E+01
   -0.7835491511E+02    0.4522410393E+01
   -0.7884960987E+02    0.4684845448E+01
   -0.7934430464E+02    0.4787265778E+01
   -0.7983899941E+02    0.4456028938E+01
   -0.8033369418E+02    0.4597698689E+01
   -0.8082838895E+02    0.4642368317E+01
   -0.8132308372E+02    0.4417467594E+01
   -0.8181777849E+02    0.4133945942E+01
   -0.8231247326E+02    0.4758533955E+01
   -0.8280716803E+02    0.4618497372E+01
   -0.8330186280E+02    0.3898048639E+01
   -0.8379655757E+02    0.4023619175E+01
   -0.8429125234E+02    0.5672798157E+01
   -0.8478594711E+02    0.4187518597E+01
   -0.8528064188E+02    0.5962909222E+01
   -0.8577533665E+02    0.4919108868E+01
   -0.8627003142E+02    0.3986408472E+01
   -0.8676472618E+02    0.4861662388E+01
   -0.8725942095E+02    0.5305468082E+01
   -0.8775411572E+02    0.5899055481E+01
   -0.8824881049E+02    0.5819073200E+01
   -0.8874350526E+02    0.5599462509E+01
   -0.8923820003E+02    0.4385597706E+01
   -0.8973289480E+02    0.4629017830E+01
   -0.9022758957E+02    0.4446976185E+01
   -0.9072228434E+02    0.4461255074E+01
   -0.9121697911E+02    0.4240781784E+01
   -0.9171167388E+02    0.3617744923E+01
   -0.9220636865E+02    0.4229293823E+01
   -0.9270106342E+02    0.4055111885E+01
   -0.9319575819E+02    0.3918407202E+01
   -0.9369045296E+02    0.4360688210E+01
   -0.9418514773E+02    0.4486958504E+01
   -0.9467984250E+02    0.4216535091E+01
   -0.9517453726E+02    0.4197277069E+01
   -0.9566923203E+02    0.4566898823E+01
   -0.9616392680E+02    0.4566735744E+01
   -0.9665862157E+02    0.4491028309E+01
   -0.9715331634E+02    0.4220870018E+01
   -0.9764801111E+02    0.4143057823E+01
   -0.9814270588E+02    0.4586591721E+01
   -0.9863740065E+02    0.4674488068E+01
   -0.9913209542E+02    0.4226824284E+01
   -0.9962679019E+02    0.5013381958E+01
   -0.1001214850E+03    0.4211716175E+01
   -0.1006161797E+03    0.4551927567E+01
   -0.1011108745E+03    0.4207481384E+01
   -0.1016055693E+03    0.4273748398E+01
   -0.1021002640E+03    0.4698610783E+01
   -0.1025949588E+03    0.5132546425E+01
   -0.1030896536E+03    0.4270758629E+01
   -0.1035843483E+03    0.4428431511E+01
   -0.1040790431E+03    0.4298382759E+01
   -0.1045737379E+03    0.4416272163E+01
   -0.1050684327E+03    0.5187917233E+01
   -0.1055631274E+03    0.4852816105E+01
   -0.1060578222E+03    0.4650496483E+01
   -0.1065525170E+03    0.5154978275E+01
   -0.1070472117E+03    0.5988287449E+01
   -0.1075419065E+03    0.4993193150E+01
   -0.1080366013E+03    0.5402621269E+01
   -0.1085312960E+03    0.5076497078E+01
   -0.1090259908E+03    0.5560316086E+01
   -0.1095206856E+03    0.4957844257E+01
   -0.1100153803E+03    0.4537773132E+01
   -0.1105100751E+03    0.5283936024E+01
   -0.1110047699E+03    0.4732262611E+01
   -0.1114994647E+03    0.4386841297E+01
   -0.1119941594E+03    0.3896912575E+01
   -0.1124888542E+03    0.4918977737E+01
   -0.1129835490E+03    0.4522763729E+01
   -0.1134782437E+03    0.4301982880E+01
   -0.1139729385E+03    0.4263458729E+01
   -0.1144676333E+03    0.4441627502E+01
   -0.1149623280E+03    0.4163469315E+01
   -0.1154570228E+03    0.4342856407E+01
   -0.1159517176E+03    0.4588288784E+01
   -0.1164464123E+03    0.3296240807E+01
   -0.1169411071E+03    0.4112563610E+01
   -0.1174358019E+03    0.4266083717E+01
   -0.1179304967E+03    0.4521611214E+01
   -0.1184251914E+03    0.4070595741E+01
   -0.1189198862E+03    0.3920633078E+01
   -0.1194145810E+03    0.4058887482E+01
   -0.1199092757E+03    0.3993164539E+01
   -0.1204039705E+03    0.3731133461E+01
   -0.1208986653E+03    0.4201270580E+01
   -0.1213933600E+03    0.3983592033E+01
   -0.1218880548E+03    0.3912003279E+01
   -0.1223827496E+03    0.3788867474E+01
   -0.1228774443E+03    0.4452406883E+01
   -0.1233721391E+03    0.3814392567E+01
   -0.1238668339E+03    0.4711381435E+01
   -0.1243615287E+03    0.3559880733E+01
   -0.1248562234E+03    0.3953267097E+01
   -0.1253509182E+03    0.4678518295E+01
   -0.1258456130E+03    0.4317102909E+01
   -0.1263403077E+03    0.3880616426E+01
   -0.1268350025E+03    0.4224308968E+01
   -0.1273296973E+03    0.4635705948E+01
   -0.1278243920E+03    0.4578286648E+01
   -0.1283190868E+03    0.5103796959E+01
   -0.1288137816E+03    0.4595243454E+01
   -0.1293084764E+03    0.5045795441E+01
   -0.1298031711E+03    0.4355514050E+01
   -0.1302978659E+03    0.5904813766E+01
   -0.1307925607E+03    0.3956277132E+01
   -0.1312872554E+03    0.5261307716E+01
   -0.1317819502E+03    0.6636633873E+01
   -0.1322766450E+03    0.4727712154E+01
   -0.1327713397E+03    0.3304156780E+01
   -0.1332660345E+03    0.4050030231E+01
   -0.1337607293E+03    0.4975317001E+01
   -0.1342554240E+03    0.5607777119E+01
   -0.1347501188E+03    0.4803228378E+01
   -0.1352448136E+03    0.5073637486E+01
   -0.1357395084E+03    0.4645026207E+01
   -0.1362342031E+03    0.3830179691E+01
   -0.1367288979E+03    0.5181180000E+01
   -0.1372235927E+03    0.4070689678E+01
   -0.1377182874E+03    0.4860325336E+01
   -0.1382129822E+03    0.3848222017E+01
   -0.1387076770E+03    0.4136918068E+01
   -0.1392023717E+03    0.3735951424E+01
   -0.1396970665E+03    0.4710131645E+01
   -0.1401917613E+03    0.5117475510E+01
   -0.1406864560E+03    0.4821425915E+01
   -0.1411811508E+03    0.4934969425E+01
   -0.1416758456E+03    0.4060374737E+01
   -0.1421705404E+03    0.4400656700E+01
   -0.1426652351E+03    0.4164176941E+01
   -0.1431599299E+03    0.4402087212E+01
   -0.1436546247E+03    0.3815231323E+01
   -0.1441493194E+03    0.3565780640E+01
   -0.1446440142E+03    0.3665815592E+01
   -0.1451387090E+03    0.3014998198E+01
   -0.1456334037E+03    0.3100033283E+01
   -0.1461280985E+03    0.4393178940E+01
   -0.1466227933E+03    0.3482860088E+01
   -0.1471174880E+03    0.3645486832E+01
   -0.1476121828E+03    0.2639063358E+01
   -0.1481068776E+03    0.3789229631E+01
   -0.1486015724E+03    0.4358737469E+01
   -0.1490962671E+03    0.3112603188E+01
   -0.1495909619E+03    0.5446190834E+01
   -0.1500856567E+03    0.6126737118E+01
   -0.1505803514E+03    0.4377318859E+01
   -0.1510750462E+03    0.5411548615E+01
   -0.1515697410E+03    0.5610156536E+01
   -0.1520644357E+03    0.2991012096E+01
   -0.1525591305E+03    0.2826224566E+01
   -0.1530538253E+03    0.4720963955E+01
   -0.1535485201E+03    0.5445288181E+01
   -0.1540432148E+03    0.3651440620E+01
   -0.1545379096E+03    0.6137371063E+01
   -0.1550326044E+03    0.3553952694E+01
   -0.1555272991E+03    0.5084314346E+01
   -0.1560219939E+03    0.2526982069E+01
   -0.1565166887E+03    0.3274837255E+01
   -0.1570113834E+03    0.7516558170E+00
   -0.1575060782E+03    0.3413353682E+01
   -0.1580007730E+03    0.4466283321E+01
   -0.1584954677E+03    0.5443279266E+01
   -0.1589901625E+03    0.4152523041E+01
   -0.1594848573E+03    0.1093537569E+01
   -0.1599795521E+03    0.3273531914E+01
   -0.1604742468E+03    0.5219299316E+01
   -0.1609689416E+03    0.3414452314E+01
   -0.1614636364E+03    0.2753715992E+01
   -0.1619583311E+03    0.1862196445E+01
   -0.1624530259E+03    0.6351416588E+01
   -0.1629477207E+03    0.5324045658E+01
   -0.1634424154E+03    0.4063714027E+01
   -0.1639371102E+03    0.4606218338E+01
   -0.1644318050E+03    0.3712604046E+01
   -0.1649264997E+03    0.5511950493E+01
   -0.1654211945E+03    0.3397521496E+01
   -0.1659158893E+03    0.3373847961E+01
   -0.1664105841E+03    0.4457977772E+01
   -0.1669052788E+03    0.2841905355E+01
   -0.1673999736E+03    0.4417963028E+01
   -0.1678946684E+03    0.1469467163E+01
   -0.1683893631E+03    0.1947825909E+01
   -0.1688840579E+03    0.1277385473E+01
   -0.1693787527E+03    0.2012792826E+01
   -0.1698734474E+03    0.2063519955E+01
   -0.1703681422E+03    0.4142294884E+01
   -0.1708628370E+03    0.1818371058E+01
   -0.1713575317E+03    0.6628201485E+01
   -0.1718522265E+03    0.1257501602E+01
   -0.1723469213E+03    0.1168081284E+02
   -0.1728416161E+03    0.1405049801E+01
   -0.1733363108E+03    0.1948947668E+01
   -0.1738310056E+03    0.2655466080E+01
   -0.1743257004E+03    0.4941369534E+01
   -0.1748203951E+03    0.1395988464E+01
   -0.1753150899E+03    0.7004323006E+01
   -0.1758097847E+03    0.1293067217E+01
   -0.1763044794E+03    0.2325502396E+01
   -0.1767991742E+03    0.9421512604E+01
   -0.1772938690E+03    0.2954718590E+01
   -0.1777885638E+03   -0.1234560000E+11
   -0.1782832585E+03   -0.2076856613E+01
   -0.1787779533E+03   -0.3863861561E+01
   -0.1792726481E+03   -0.1234560000E+11
   -0.1797673428E+03   -0.1234560000E+11
   -0.1802620376E+03    0.4688646793E+01
   -0.1807567324E+03   -0.6150952816E+01
   -0.1812514271E+03   -0.6710810661E+00
   -0.1817461219E+03    0.5473441601E+01
   -0.1822408167E+03    0.3831651449E+01
   -0.1827355114E+03    0.4160297394E+01
   -0.1832302062E+03   -0.7347525120E+01
   -0.1837249010E+03    0.1211161613E+02
   -0.1842195958E+03    0.2903460979E+01
   -0.1847142905E+03   -0.8650382996E+01
   -0.1852089853E+03    0.6675651073E+00
   -0.1857036801E+03   -0.1751736641E+01
   -0.1861983748E+03    0.1872730255E+00
   -0.1866930696E+03   -0.4392185688E+01
   -0.1871877644E+03    0.3196502447E+01
   -0.1876824591E+03   -0.6721362591E+01
   -0.1881771539E+03    0.6250810623E+00
   -0.1886718487E+03    0.2850576639E+01
   -0.1891665434E+03    0.8415939331E+01
   -0.1896612382E+03    0.3001317978E+00
   -0.1901559330E+03   -0.1234560000E+11
   -0.1906506278E+03    0.9480863571E+01
   -0.1911453225E+03   -0.9393963814E+00
   -0.1916400173E+03    0.2714798450E+01
   -0.1921347121E+03    0.1001780701E+02
   -0.1926294068E+03   -0.1234560000E+11
   -0.1931241016E+03   -0.1234560000E+11
   -0.1936187964E+03   -0.6467104435E+01
   -0.1941134911E+03   -0.1234560000E+11
   -0.1946081859E+03   -0.1234560000E+11
   -0.1951028807E+03   -0.1234560000E+11
   -0.1955975754E+03   -0.1234560000E+11
   -0.1960922702E+03   -0.1234560000E+11
   -0.1965869650E+03   -0.1234560000E+11
   -0.1970816598E+03   -0.1234560000E+11
   -0.1975763545E+03   -0.1234560000E+11
   -0.1980710493E+03   -0.1234560000E+11
   -0.1985657441E+03   -0.1234560000E+11
   -0.1990604388E+03   -0.1234560000E+11
   -0.1995551336E+03   -0.1234560000E+11
   -0.2000498284E+03   -0.1234560000E+11
   -0.2005445231E+03   -0.1234560000E+11
   -0.2010392179E+03   -0.1234560000E+11
   -0.2015339127E+03   -0.1234560000E+11
   -0.2020286075E+03   -0.1234560000E+11
   -0.2025233022E+03   -0.1234560000E+11
   -0.2030179970E+03   -0.1234560000E+11
   -0.2035126918E+03   -0.1234560000E+11
   -0.2040073865E+03   -0.1234560000E+11
   -0.2045020813E+03   -0.1234560000E+11
   -0.2049967761E+03   -0.1234560000E+11
   -0.2054914708E+03   -0.1234560000E+11
   -0.2059861656E+03   -0.1234560000E+11
   -0.2064808604E+03   -0.1234560000E+11
   -0.2069755551E+03   -0.1234560000E+11
   -0.2074702499E+03   -0.1234560000E+11
   -0.2079649447E+03   -0.1234560000E+11
   -0.2084596395E+03   -0.1234560000E+11
   -0.2089543342E+03   -0.1234560000E+11
   -0.2094490290E+03   -0.1234560000E+11
   -0.2099437238E+03   -0.1234560000E+11
   -0.2104384185E+03   -0.1234560000E+11
   -0.2109331133E+03   -0.1234560000E+11
   -0.2114278081E+03   -0.1234560000E+11
   -0.2119225028E+03   -0.1234560000E+11
   -0.2124171976E+03   -0.1234560000E+11
   -0.2129118924E+03   -0.1234560000E+11
   -0.2134065871E+03   -0.1234560000E+11
   -0.2139012819E+03   -0.1234560000E+11
   -0.2143959767E+03   -0.1234560000E+11
   -0.2148906715E+03   -0.1234560000E+11
   -0.2153853662E+03   -0.1234560000E+11
   -0.2158800610E+03   -0.1234560000E+11
   -0.2163747558E+03   -0.1234560000E+11
   -0.2168694505E+03   -0.1234560000E+11
   -0.2173641453E+03   -0.1234560000E+11
   -0.2178588401E+03   -0.1234560000E+11
   -0.2183535348E+03   -0.1234560000E+11
   -0.2188482296E+03   -0.1234560000E+11
   -0.2193429244E+03   -0.1234560000E+11
   -0.2198376191E+03   -0.1234560000E+11
   -0.2203323139E+03   -0.1234560000E+11
   -0.2208270087E+03   -0.1234560000E+11
   -0.2213217035E+03   -0.1234560000E+11
   -0.2218163982E+03   -0.1234560000E+11
   -0.2223110930E+03   -0.1234560000E+11
   -0.2228057878E+03   -0.1234560000E+11
   -0.2233004825E+03   -0.1234560000E+11
   -0.2237951773E+03   -0.1234560000E+11
   -0.2242898721E+03   -0.1234560000E+11
   -0.2247845668E+03   -0.1234560000E+11
   -0.2252792616E+03   -0.1234560000E+11
   -0.2257739564E+03   -0.1234560000E+11
   -0.2262686512E+03   -0.1234560000E+11
   -0.2267633459E+03   -0.1234560000E+11
   -0.2272580407E+03   -0.1234560000E+11
   -0.2277527355E+03   -0.1234560000E+11
   -0.2282474302E+03   -0.1234560000E+11
   -0.2287421250E+03   -0.1234560000E+11
   -0.2292368198E+03   -0.1234560000E+11
   -0.2297315145E+03   -0.1234560000E+11
   -0.2302262093E+03   -0.1234560000E+11
   -0.2307209041E+03   -0.1234560000E+11
   -0.2312155988E+03   -0.1234560000E+11
   -0.2317102936E+03   -0.1234560000E+11
   -0.2322049884E+03   -0.1234560000E+11
   -0.2326996832E+03   -0.1234560000E+11
   -0.2331943779E+03   -0.1234560000E+11
   -0.2336890727E+03   -0.1234560000E+11
   -0.2341837675E+03   -0.1234560000E+11
   -0.2346784622E+03   -0.1234560000E+11
   -0.2351731570E+03   -0.1234560000E+11
   -0.2356678518E+03   -0.1234560000E+11
   -0.2361625465E+03   -0.1234560000E+11
   -0.2366572413E+03   -0.1234560000E+11
   -0.2371519361E+03   -0.1234560000E+11
   -0.2376466308E+03   -0.1234560000E+11
   -0.2381413256E+03   -0.1234560000E+11
   -0.2386360204E+03   -0.1234560000E+11
   -0.2391307152E+03   -0.1234560000E+11
   -0.2396254099E+03   -0.1234560000E+11
   -0.2401201047E+03   -0.1234560000E+11
   -0.2406147995E+03   -0.1234560000E+11
   -0.2411094942E+03   -0.1234560000E+11
   -0.2416041890E+03   -0.1234560000E+11
   -0.2420988838E+03   -0.1234560000E+11
   -0.2425935785E+03   -0.1234560000E+11
   -0.2430882733E+03   -0.1234560000E+11
   -0.2435829681E+03   -0.1234560000E+11
   -0.2440776628E+03   -0.1234560000E+11
   -0.2445723576E+03   -0.1234560000E+11
   -0.2450670524E+03   -0.1234560000E+11
   -0.2455617472E+03   -0.1234560000E+11
   -0.2460564419E+03   -0.1234560000E+11
   -0.2465511367E+03   -0.1234560000E+11
   -0.2470458315E+03   -0.1234560000E+11
   -0.2475405262E+03   -0.1234560000E+11
   -0.2480352210E+03   -0.1234560000E+11
   -0.2485299158E+03   -0.1234560000E+11
   -0.2490246105E+03   -0.1234560000E+11
   -0.2495193053E+03   -0.1234560000E+11
   -0.2500140001E+03   -0.1234560000E+11
   -0.2505086949E+03   -0.1234560000E+11
   -0.2510033896E+03   -0.1234560000E+11
   -0.2514980844E+03   -0.1234560000E+11
   -0.2519927792E+03   -0.1234560000E+11
   -0.2524874739E+03   -0.1234560000E+11
   -0.2529821687E+03   -0.1234560000E+11
   -0.2534768635E+03   -0.1234560000E+11
   -0.2539715582E+03   -0.1234560000E+11
   -0.2544662530E+03   -0.1234560000E+11
   -0.2549609478E+03   -0.1234560000E+11
   -0.2554556425E+03   -0.1234560000E+11
   -0.2559503373E+03   -0.1234560000E+11
   -0.2564450321E+03   -0.1234560000E+11
   -0.2569397269E+03   -0.1234560000E+11
   -0.2574344216E+03   -0.1234560000E+11
   -0.2579291164E+03   -0.1234560000E+11
   -0.2584238112E+03   -0.1234560000E+11
   -0.2589185059E+03   -0.1234560000E+11
   -0.2594132007E+03   -0.1234560000E+11
   -0.2599078955E+03   -0.1234560000E+11
   -0.2604025902E+03   -0.1234560000E+11
   -0.2608972850E+03   -0.1234560000E+11
   -0.2613919798E+03   -0.1234560000E+11
   -0.2618866745E+03   -0.1234560000E+11
   -0.2623813693E+03   -0.1234560000E+11
   -0.2628760641E+03   -0.1234560000E+11
   -0.2633707589E+03   -0.1234560000E+11
   -0.2638654536E+03   -0.1234560000E+11
   -0.2643601484E+03   -0.1234560000E+11
   -0.2648548432E+03   -0.1234560000E+11
   -0.2653495379E+03   -0.1234560000E+11
   -0.2658442327E+03   -0.1234560000E+11
   -0.2663389275E+03   -0.1234560000E+11
   -0.2668336222E+03   -0.1234560000E+11
   -0.2673283170E+03   -0.1234560000E+11
   -0.2678230118E+03   -0.1234560000E+11
   -0.2683177065E+03   -0.1234560000E+11
   -0.2688124013E+03   -0.1234560000E+11
   -0.2693070961E+03   -0.1234560000E+11
   -0.2698017909E+03   -0.1234560000E+11
   -0.2702964856E+03   -0.1234560000E+11
   -0.2707911804E+03   -0.1234560000E+11
   -0.2712858752E+03   -0.1234560000E+11
   -0.2717805699E+03   -0.1234560000E+11
   -0.2722752647E+03   -0.1234560000E+11
   -0.2727699595E+03   -0.1234560000E+11
   -0.2732646542E+03   -0.1234560000E+11
   -0.2737593490E+03   -0.1234560000E+11
   -0.2742540438E+03   -0.1234560000E+11
   -0.2747487386E+03   -0.1234560000E+11
   -0.2752434333E+03   -0.1234560000E+11
   -0.2757381281E+03   -0.1234560000E+11
   -0.2762328229E+03   -0.1234560000E+11
   -0.2767275176E+03   -0.1234560000E+11
   -0.2772222124E+03   -0.1234560000E+11
   -0.2777169072E+03   -0.1234560000E+11
   -0.2782116019E+03   -0.1234560000E+11
   -0.2787062967E+03   -0.1234560000E+11
   -0.2792009915E+03   -0.1234560000E+11
   -0.2796956862E+03   -0.1234560000E+11
   -0.2801903810E+03   -0.1234560000E+11
   -0.2806850758E+03   -0.1234560000E+11
   -0.2811797706E+03   -0.1234560000E+11
   -0.2816744653E+03   -0.1234560000E+11
   -0.2821691601E+03   -0.1234560000E+11
   -0.2826638549E+03   -0.1234560000E+11
   -0.2831585496E+03   -0.1234560000E+11
   -0.2836532444E+03   -0.1234560000E+11
   -0.2841479392E+03   -0.1234560000E+11
   -0.2846426339E+03   -0.1234560000E+11
   -0.2851373287E+03   -0.1234560000E+11
   -0.2856320235E+03   -0.1234560000E+11
   -0.2861267182E+03   -0.1234560000E+11
   -0.2866214130E+03   -0.1234560000E+11
   -0.2871161078E+03   -0.1234560000E+11
   -0.2876108026E+03   -0.1234560000E+11
   -0.2881054973E+03   -0.1234560000E+11
   -0.2886001921E+03   -0.1234560000E+11
   -0.2890948869E+03   -0.1234560000E+11
   -0.2895895816E+03   -0.1234560000E+11
   -0.2900842764E+03   -0.1234560000E+11
   -0.2905789712E+03   -0.1234560000E+11
   -0.2910736659E+03   -0.1234560000E+11
   -0.2915683607E+03   -0.1234560000E+11
   -0.2920630555E+03   -0.1234560000E+11
   -0.2925577502E+03   -0.1234560000E+11
   -0.2930524450E+03   -0.1234560000E+11
   -0.2935471398E+03   -0.1234560000E+11
   -0.2940418346E+03   -0.1234560000E+11
   -0.2945365293E+03   -0.1234560000E+11
   -0.2950312241E+03   -0.1234560000E+11
   -0.2955259189E+03   -0.1234560000E+11
   -0.2960206136E+03   -0.1234560000E+11
   -0.2965153084E+03   -0.5100239182E+02
   -0.2970100032E+03   -0.1234560000E+11
   -0.2975046979E+03   -0.1234560000E+11
   -0.2979993927E+03   -0.1234560000E+11
   -0.2984940875E+03   -0.1234560000E+11
   -0.2989887822E+03   -0.1234560000E+11
   -0.2994834770E+03   -0.1234560000E+11
   -0.2999781718E+03   -0.1234560000E+11
   -0.3004728666E+03   -0.1234560000E+11
   -0.3009675613E+03   -0.1234560000E+11
   -0.3014622561E+03   -0.1234560000E+11
   -0.3019569509E+03   -0.1234560000E+11
   -0.3024516456E+03   -0.1234560000E+11
   -0.3029463404E+03   -0.1234560000E+11
   -0.3034410352E+03   -0.1234560000E+11
   -0.3039357299E+03   -0.1234560000E+11
   -0.3044304247E+03   -0.1234560000E+11
   -0.3049251195E+03   -0.1234560000E+11
   -0.3054198143E+03   -0.1234560000E+11
   -0.3059145090E+03   -0.1234560000E+11
   -0.3064092038E+03   -0.1234560000E+11
   -0.3069038986E+03   -0.1234560000E+11
   -0.3073985933E+03   -0.1234560000E+11
   -0.3078932881E+03   -0.1234560000E+11
   -0.3083879829E+03   -0.1234560000E+11
   -0.3088826776E+03   -0.1234560000E+11
   -0.3093773724E+03   -0.1234560000E+11
   -0.3098720672E+03   -0.1234560000E+11
   -0.3103667619E+03   -0.1234560000E+11
   -0.3108614567E+03   -0.1234560000E+11
   -0.3113561515E+03   -0.1234560000E+11
   -0.3118508463E+03   -0.1234560000E+11
   -0.3123455410E+03   -0.1234560000E+11
   -0.3128402358E+03   -0.1234560000E+11
   -0.3133349306E+03   -0.1234560000E+11
   -0.3138296253E+03   -0.1234560000E+11
   -0.3143243201E+03   -0.1234560000E+11
   -0.3148190149E+03   -0.1234560000E+11
   -0.3153137096E+03   -0.1234560000E+11
   -0.3158084044E+03   -0.1234560000E+11
   -0.3163030992E+03   -0.1234560000E+11
   -0.3167977939E+03   -0.1234560000E+11
   -0.3172924887E+03   -0.1234560000E+11
   -0.3177871835E+03   -0.2826359272E+01
   -0.3182818783E+03   -0.1234560000E+11
   -0.3187765730E+03   -0.1234560000E+11
   -0.3192712678E+03   -0.1234560000E+11
   -0.3197659626E+03   -0.1234560000E+11
   -0.3202606573E+03   -0.1234560000E+11
   -0.3207553521E+03   -0.1234560000E+11
   -0.3212500469E+03   -0.1234560000E+11
   -0.3217447416E+03   -0.1234560000E+11
   -0.3222394364E+03   -0.1234560000E+11
   -0.3227341312E+03   -0.1234560000E+11
   -0.3232288259E+03   -0.1234560000E+11
   -0.3237235207E+03   -0.1234560000E+11
   -0.3242182155E+03    0.1530628395E+02
   -0.3247129103E+03   -0.1234560000E+11
   -0.3252076050E+03   -0.1234560000E+11
   -0.3257022998E+03    0.2753727436E+01
   -0.3261969946E+03   -0.1234560000E+11
   -0.3266916893E+03   -0.2992730141E+01
   -0.3271863841E+03   -0.3748965740E+01
   -0.3276810789E+03    0.9625741959E+01
   -0.3281757736E+03    0.7726152420E+01
   -0.3286704684E+03    0.2500849009E+01
   -0.3291651632E+03    0.2917865038E+01
   -0.3296598580E+03   -0.5731807232E+01
   -0.3301545527E+03    0.9164818764E+01
   -0.3306492475E+03   -0.6032643795E+01
   -0.3311439423E+03    0.9295474052E+01
   -0.3316386370E+03   -0.1234560000E+11
   -0.3321333318E+03    0.5454370499E+01
   -0.3326280266E+03   -0.3376449585E+01
   -0.3331227213E+03    0.1108347511E+02
   -0.3336174161E+03    0.1072827339E+02
   -0.3341121109E+03   -0.2431349373E+02
   -0.3346068056E+03   -0.6057502270E+01
   -0.3351015004E+03   -0.1011933327E+01
   -0.3355961952E+03    0.1326567078E+02
   -0.3360908900E+03   -0.1234560000E+11
   -0.3365855847E+03    0.3773654938E+01
   -0.3370802795E+03   -0.2227057934E+01
   -0.3375749743E+03    0.4131149769E+01
   -0.3380696690E+03   -0.3715135098E+01
   -0.3385643638E+03   -0.8583826065E+01
   -0.3390590586E+03    0.1209980488E+02
   -0.3395537533E+03    0.9651842117E+00
   -0.3400484481E+03    0.3273474216E+01
   -0.3405431429E+03   -0.1234560000E+11
   -0.3410378376E+03    0.1351715660E+02
   -0.3415325324E+03   -0.4269652843E+01
   -0.3420272272E+03    0.8495649338E+01
   -0.3425219220E+03    0.7773869038E+01
   -0.3430166167E+03   -0.4485791683E+01
   -0.3435113115E+03    0.1172236443E+01
   -0.3440060063E+03    0.6425029755E+01
   -0.3445007010E+03   -0.2441126823E+01
   -0.3449953958E+03   -0.1605850220E+01
   -0.3454900906E+03    0.1219310379E+02
   -0.3459847853E+03    0.1807963610E+01
   -0.3464794801E+03    0.7331514359E-01
   -0.3469741749E+03   -0.2319732189E+01
   -0.3474688696E+03    0.1275119781E+01
   -0.3479635644E+03    0.1111371279E+01
   -0.3484582592E+03    0.3923834801E+01
   -0.3489529540E+03    0.5224441528E+01
   -0.3494476487E+03    0.6174797058E+01
   -0.3499423435E+03    0.3156611919E+01
   -0.3504370383E+03    0.5207945824E+01
   -0.3509317330E+03    0.2003460407E+01
   -0.3514264278E+03    0.5331559181E+00
   -0.3519211226E+03   -0.1184173584E+01
   -0.3524158173E+03    0.1908746004E+01
   -0.3529105121E+03   -0.1660463333E+01
   -0.3534052069E+03    0.2745542526E+00
   -0.3538999017E+03    0.2205277205E+01
   -0.3543945964E+03   -0.1060359478E+01
   -0.3548892912E+03    0.4152998924E+00
   -0.3553839860E+03    0.4635543346E+01
   -0.3558786807E+03    0.2677522182E+01
   -0.3563733755E+03    0.3136524200E+01
   -0.3568680703E+03    0.4105364799E+01
   -0.3573627650E+03    0.3315399170E+01
