    0.9348493268E+02   -0.3470992088E+01
    0.9299018397E+02   -0.9413108826E+00
    0.9249543525E+02   -0.7271175385E+00
    0.9200068654E+02    0.1040069771E+02
    0.9150593783E+02    0.7210718155E+01
    0.9101118912E+02    0.8168804169E+01
    0.9051644041E+02    0.3596479893E+01
    0.9002169170E+02    0.8991852760E+01
    0.8952694299E+02    0.9894018173E+01
    0.8903219427E+02    0.9005822182E+01
    0.8853744556E+02    0.9606624603E+01
    0.8804269685E+02    0.1342895126E+02
    0.8754794814E+02    0.8636665344E+01
    0.8705319943E+02    0.9718765259E+01
    0.8655845072E+02    0.7913477898E+01
    0.8606370200E+02    0.1087604332E+02
    0.8556895329E+02    0.6076611042E+01
    0.8507420458E+02    0.1002591228E+02
    0.8457945587E+02    0.9295063019E+01
    0.8408470716E+02    0.1616568947E+02
    0.8358995845E+02    0.1243815994E+02
    0.8309520973E+02    0.2807829380E+01
    0.8260046102E+02    0.1017774582E+02
    0.8210571231E+02    0.1169773483E+02
    0.8161096360E+02    0.4935858250E+01
    0.8111621489E+02    0.6684889317E+01
    0.8062146618E+02    0.7298187256E+01
    0.8012671746E+02    0.1195106983E+02
    0.7963196875E+02    0.6658266068E+01
    0.7913722004E+02    0.9250631332E+01
    0.7864247133E+02    0.8854486465E+01
    0.7814772262E+02    0.8871493340E+01
    0.7765297391E+02    0.4885863304E+01
    0.7715822520E+02    0.2099190521E+02
    0.7666347648E+02    0.9210546494E+01
    0.7616872777E+02    0.1377723503E+02
    0.7567397906E+02    0.8086891174E+01
    0.7517923035E+02    0.6106067657E+01
    0.7468448164E+02    0.8126172066E+01
    0.7418973293E+02    0.5775411606E+01
    0.7369498421E+02    0.8678532600E+01
    0.7320023550E+02    0.8385752678E+01
    0.7270548679E+02    0.4533147335E+01
    0.7221073808E+02    0.1170508862E+02
    0.7171598937E+02    0.1253866386E+02
    0.7122124066E+02    0.1110097218E+02
    0.7072649194E+02    0.1179803085E+02
    0.7023174323E+02    0.7262405396E+01
    0.6973699452E+02    0.9022644043E+01
    0.6924224581E+02    0.1289245701E+02
    0.6874749710E+02    0.9229961395E+01
    0.6825274839E+02    0.7035103798E+01
    0.6775799968E+02    0.9776799202E+01
    0.6726325096E+02    0.7263839245E+01
    0.6676850225E+02    0.1381090736E+02
    0.6627375354E+02    0.1133591747E+02
    0.6577900483E+02    0.1261610794E+02
    0.6528425612E+02    0.1036995888E+02
    0.6478950741E+02    0.6587504387E+01
    0.6429475869E+02    0.9558056831E+01
    0.6380000998E+02    0.7169492245E+01
    0.6330526127E+02    0.1131854820E+02
    0.6281051256E+02    0.1040549469E+02
    0.6231576385E+02    0.1131822872E+02
    0.6182101514E+02    0.8293743134E+01
    0.6132626642E+02    0.3301211357E+01
    0.6083151771E+02    0.8935543060E+01
    0.6033676900E+02    0.6246898651E+01
    0.5984202029E+02    0.8270551682E+01
    0.5934727158E+02    0.6072742462E+01
    0.5885252287E+02    0.9865745544E+01
    0.5835777416E+02    0.9978773117E+01
    0.5786302544E+02    0.7025122166E+01
    0.5736827673E+02    0.7692568779E+01
    0.5687352802E+02    0.1117714787E+02
    0.5637877931E+02    0.8093657494E+01
    0.5588403060E+02    0.8717024803E+01
    0.5538928189E+02    0.6454860210E+01
    0.5489453317E+02    0.8836977005E+01
    0.5439978446E+02    0.6631706715E+01
    0.5390503575E+02    0.7376861572E+01
    0.5341028704E+02    0.7267354012E+01
    0.5291553833E+02    0.7349909306E+01
    0.5242078962E+02    0.7518301964E+01
    0.5192604090E+02    0.9319355011E+01
    0.5143129219E+02    0.1052805233E+02
    0.5093654348E+02    0.1045324421E+02
    0.5044179477E+02    0.9407084465E+01
    0.4994704606E+02    0.1426076603E+02
    0.4945229735E+02    0.1005736542E+02
    0.4895754863E+02    0.1331214237E+02
    0.4846279992E+02    0.1173616409E+02
    0.4796805121E+02    0.1014345932E+02
    0.4747330250E+02    0.9324713707E+01
    0.4697855379E+02    0.1064787674E+02
    0.4648380508E+02    0.8327223778E+01
    0.4598905637E+02    0.8561075211E+01
    0.4549430765E+02    0.7574441910E+01
    0.4499955894E+02    0.1276101112E+02
    0.4450481023E+02    0.8500134468E+01
    0.4401006152E+02    0.9805142403E+01
    0.4351531281E+02    0.9381844521E+01
    0.4302056410E+02    0.9067921638E+01
    0.4252581538E+02    0.9697949409E+01
    0.4203106667E+02    0.1159587669E+02
    0.4153631796E+02    0.8857855797E+01
    0.4104156925E+02    0.5081074715E+01
    0.4054682054E+02    0.9337131500E+01
    0.4005207183E+02    0.7033145905E+01
    0.3955732311E+02    0.8618484497E+01
    0.3906257440E+02    0.7994868279E+01
    0.3856782569E+02    0.6691201210E+01
    0.3807307698E+02    0.6228794575E+01
    0.3757832827E+02    0.4542987347E+01
    0.3708357956E+02    0.9463743210E+01
    0.3658883085E+02    0.7539045811E+01
    0.3609408213E+02    0.1083603859E+02
    0.3559933342E+02    0.8009153366E+01
    0.3510458471E+02    0.9599159241E+01
    0.3460983600E+02    0.7947319508E+01
    0.3411508729E+02    0.7334026337E+01
    0.3362033858E+02    0.5889455318E+01
    0.3312558986E+02    0.1054167652E+02
    0.3263084115E+02    0.8537395477E+01
    0.3213609244E+02    0.7883024216E+01
    0.3164134373E+02    0.7991024017E+01
    0.3114659502E+02    0.9095214844E+01
    0.3065184631E+02    0.7435926914E+01
    0.3015709759E+02    0.8218275070E+01
    0.2966234888E+02    0.6926446915E+01
    0.2916760017E+02    0.8860556602E+01
    0.2867285146E+02    0.9096897125E+01
    0.2817810275E+02    0.8072263718E+01
    0.2768335404E+02    0.9699464798E+01
    0.2718860533E+02    0.7791470051E+01
    0.2669385661E+02    0.9867453575E+01
    0.2619910790E+02    0.8789052963E+01
    0.2570435919E+02    0.7870182514E+01
    0.2520961048E+02    0.9452710152E+01
    0.2471486177E+02    0.6618383408E+01
    0.2422011306E+02    0.8043246269E+01
    0.2372536434E+02    0.8582067490E+01
    0.2323061563E+02    0.9319968224E+01
    0.2273586692E+02    0.7339866161E+01
    0.2224111821E+02    0.9181905746E+01
    0.2174636950E+02    0.1116651535E+02
    0.2125162079E+02    0.8950866699E+01
    0.2075687207E+02    0.8093504906E+01
    0.2026212336E+02    0.8725350380E+01
    0.1976737465E+02    0.9351684570E+01
    0.1927262594E+02    0.7084619522E+01
    0.1877787723E+02    0.8086479187E+01
    0.1828312852E+02    0.7345450401E+01
    0.1778837981E+02    0.9326227188E+01
    0.1729363109E+02    0.9063837051E+01
    0.1679888238E+02    0.8642383575E+01
    0.1630413367E+02    0.7289849758E+01
    0.1580938496E+02    0.9093877792E+01
    0.1531463625E+02    0.8243143082E+01
    0.1481988754E+02    0.7869504452E+01
    0.1432513882E+02    0.6662366867E+01
    0.1383039011E+02    0.7839190960E+01
    0.1333564140E+02    0.7313520908E+01
    0.1284089269E+02    0.8438845634E+01
    0.1234614398E+02    0.8853035927E+01
    0.1185139527E+02    0.8486132622E+01
    0.1135664655E+02    0.7925153255E+01
    0.1086189784E+02    0.6826504707E+01
    0.1036714913E+02    0.7686782360E+01
    0.9872400420E+01    0.8501905441E+01
    0.9377651708E+01    0.7885544777E+01
    0.8882902997E+01    0.8435258865E+01
    0.8388154285E+01    0.7179697990E+01
    0.7893405573E+01    0.7549564838E+01
    0.7398656862E+01    0.7453630924E+01
    0.6903908150E+01    0.7998322010E+01
    0.6409159439E+01    0.6929822922E+01
    0.5914410727E+01    0.8379691124E+01
    0.5419662015E+01    0.6821414471E+01
    0.4924913304E+01    0.8240607262E+01
    0.4430164592E+01    0.9451182365E+01
    0.3935415881E+01    0.7724326134E+01
    0.3440667169E+01    0.9592664719E+01
    0.2945918457E+01    0.7664076805E+01
    0.2451169746E+01    0.6535575867E+01
    0.1956421034E+01    0.6516036987E+01
    0.1461672323E+01    0.6629551888E+01
    0.9669236111E+00    0.6742786407E+01
    0.4721748996E+00    0.4295968533E+01
   -0.2257381203E-01    0.5423899651E+01
   -0.5173225236E+00    0.7042463779E+01
   -0.1012071235E+01    0.6792290211E+01
   -0.1506819947E+01    0.7326861858E+01
   -0.2001568658E+01    0.7207081795E+01
   -0.2496317370E+01    0.6861414909E+01
   -0.2991066082E+01    0.4994675159E+01
   -0.3485814793E+01    0.4560239792E+01
   -0.3980563505E+01    0.5212833881E+01
   -0.4475312216E+01    0.5636833668E+01
   -0.4970060928E+01    0.5565186977E+01
   -0.5464809639E+01    0.6498034477E+01
   -0.5959558351E+01    0.8041563988E+01
   -0.6454307063E+01    0.8911200523E+01
   -0.6949055774E+01    0.6677814484E+01
   -0.7443804486E+01    0.6374178886E+01
   -0.7938553197E+01    0.6548475742E+01
   -0.8433301909E+01    0.6336627960E+01
   -0.8928050621E+01    0.6544951916E+01
   -0.9422799332E+01    0.8105290413E+01
   -0.9917548044E+01    0.7643180370E+01
   -0.1041229676E+02    0.9406721115E+01
   -0.1090704547E+02    0.6720158577E+01
   -0.1140179418E+02    0.6609741211E+01
   -0.1189654289E+02    0.8188651085E+01
   -0.1239129160E+02    0.8624289513E+01
   -0.1288604031E+02    0.7537016392E+01
   -0.1338078902E+02    0.9095609665E+01
   -0.1387553774E+02    0.8049594879E+01
   -0.1437028645E+02    0.6890046597E+01
   -0.1486503516E+02    0.8328552246E+01
   -0.1535978387E+02    0.6714511871E+01
   -0.1585453258E+02    0.7088751316E+01
   -0.1634928129E+02    0.7740674496E+01
   -0.1684403001E+02    0.9018443108E+01
   -0.1733877872E+02    0.7652379990E+01
   -0.1783352743E+02    0.7899823666E+01
   -0.1832827614E+02    0.6721816063E+01
   -0.1882302485E+02    0.7762179852E+01
   -0.1931777356E+02    0.7703243732E+01
   -0.1981252228E+02    0.9827675819E+01
   -0.2030727099E+02    0.3375281334E+01
   -0.2080201970E+02    0.1757450104E+00
   -0.2129676841E+02    0.3410243988E-01
   -0.2179151712E+02    0.7195791245E+01
   -0.2228626583E+02    0.8708108902E+01
   -0.2278101454E+02    0.1061524200E+02
   -0.2327576326E+02    0.9289834023E+01
   -0.2377051197E+02    0.1025147057E+02
   -0.2426526068E+02    0.9966561317E+01
   -0.2476000939E+02    0.5718892097E+01
   -0.2525475810E+02    0.5062551498E+00
   -0.2574950681E+02    0.4303932190E+01
   -0.2624425553E+02    0.8875593185E+01
   -0.2673900424E+02    0.1050077057E+02
   -0.2723375295E+02    0.1065044022E+02
   -0.2772850166E+02    0.1153362083E+02
   -0.2822325037E+02    0.1222924805E+02
   -0.2871799908E+02    0.1055524826E+02
   -0.2921274780E+02    0.1260927773E+02
   -0.2970749651E+02    0.1256817818E+02
   -0.3020224522E+02    0.1018400669E+02
   -0.3069699393E+02    0.1042558575E+02
   -0.3119174264E+02    0.9354137421E+01
   -0.3168649135E+02    0.1031837368E+02
   -0.3218124007E+02    0.1086585331E+02
   -0.3267598878E+02    0.1125870228E+02
   -0.3317073749E+02    0.1076328850E+02
   -0.3366548620E+02    0.1199226189E+02
   -0.3416023491E+02    0.1003553391E+02
   -0.3465498362E+02    0.8023405075E+01
   -0.3514973233E+02    0.8299907684E+01
   -0.3564448105E+02    0.5520966530E+01
   -0.3613922976E+02    0.6646642685E+00
   -0.3663397847E+02   -0.1076558113E+01
   -0.3712872718E+02   -0.1197491646E+01
   -0.3762347589E+02    0.6858282089E+00
   -0.3811822460E+02    0.1380621433E+01
   -0.3861297332E+02   -0.2308370590E+01
   -0.3910772203E+02   -0.2288155556E+01
   -0.3960247074E+02    0.6524262428E+00
   -0.4009721945E+02   -0.4434547424E+00
   -0.4059196816E+02   -0.6756458282E+00
   -0.4108671687E+02   -0.7002344131E+00
   -0.4158146559E+02    0.4379463196E-01
   -0.4207621430E+02    0.9700293541E+00
   -0.4257096301E+02   -0.1305788040E+01
   -0.4306571172E+02   -0.3598728180E+00
   -0.4356046043E+02   -0.1447484016E+01
   -0.4405520914E+02   -0.1596543312E+01
   -0.4454995785E+02    0.1614277363E+01
   -0.4504470657E+02   -0.1749403000E+01
   -0.4553945528E+02   -0.1232701302E+01
   -0.4603420399E+02    0.1214990139E+01
   -0.4652895270E+02    0.2302347183E+01
   -0.4702370141E+02    0.7631673813E+00
   -0.4751845012E+02    0.2740137100E+01
   -0.4801319884E+02    0.6178188324E-01
   -0.4850794755E+02    0.2805213451E+01
   -0.4900269626E+02    0.2857554913E+01
   -0.4949744497E+02    0.5983365059E+01
   -0.4999219368E+02    0.7018802643E+01
   -0.5048694239E+02    0.5591922760E+01
   -0.5098169111E+02    0.4907182217E+01
   -0.5147643982E+02    0.5210373878E+01
   -0.5197118853E+02    0.5484047890E+01
   -0.5246593724E+02    0.5863265038E+01
   -0.5296068595E+02    0.6372268677E+01
   -0.5345543466E+02    0.5884422302E+01
   -0.5395018337E+02    0.7046494484E+01
   -0.5444493209E+02    0.6524301052E+01
   -0.5493968080E+02    0.4808354855E+01
   -0.5543442951E+02    0.7796878815E+01
   -0.5592917822E+02    0.6509644508E+01
   -0.5642392693E+02    0.4986336708E+01
   -0.5691867564E+02    0.5950633049E+01
   -0.5741342436E+02    0.8470635414E+01
   -0.5790817307E+02    0.7145352840E+01
   -0.5840292178E+02    0.6815960884E+01
   -0.5889767049E+02    0.7151783943E+01
   -0.5939241920E+02    0.6746587276E+01
   -0.5988716791E+02    0.7672630787E+01
   -0.6038191663E+02    0.8148355484E+01
   -0.6087666534E+02    0.6956704140E+01
   -0.6137141405E+02    0.7756263256E+01
   -0.6186616276E+02    0.7532899857E+01
   -0.6236091147E+02    0.6039763451E+01
   -0.6285566018E+02    0.7991547585E+01
   -0.6335040890E+02    0.7106266499E+01
   -0.6384515761E+02    0.5766756058E+01
   -0.6433990632E+02    0.5025138855E+01
   -0.6483465503E+02    0.7531610012E+01
   -0.6532940374E+02    0.6394129276E+01
   -0.6582415245E+02    0.1007620049E+02
   -0.6631890116E+02    0.5821008682E+01
   -0.6681364988E+02    0.7622772217E+01
   -0.6730839859E+02    0.7053618908E+01
   -0.6780314730E+02    0.6178033829E+01
   -0.6829789601E+02    0.7852826118E+01
   -0.6879264472E+02    0.6480327606E+01
   -0.6928739343E+02    0.9059327126E+01
   -0.6978214215E+02    0.9842713356E+01
   -0.7027689086E+02    0.8172704697E+01
   -0.7077163957E+02    0.8070177078E+01
   -0.7126638828E+02    0.9445532799E+01
   -0.7176113699E+02    0.1230574512E+02
   -0.7225588570E+02    0.7068819523E+01
   -0.7275063442E+02    0.8219661713E+01
   -0.7324538313E+02    0.9665012360E+01
   -0.7374013184E+02    0.7860720158E+01
   -0.7423488055E+02    0.8011857033E+01
   -0.7472962926E+02    0.7853902817E+01
   -0.7522437797E+02    0.7415605545E+01
   -0.7571912668E+02    0.9229805946E+01
   -0.7621387540E+02    0.7722600460E+01
   -0.7670862411E+02    0.8731557846E+01
   -0.7720337282E+02    0.7228150368E+01
   -0.7769812153E+02    0.8843320847E+01
   -0.7819287024E+02    0.6744260788E+01
   -0.7868761895E+02    0.8866064072E+01
   -0.7918236767E+02    0.9306808472E+01
   -0.7967711638E+02    0.9260801315E+01
   -0.8017186509E+02    0.7817212105E+01
   -0.8066661380E+02    0.9148596764E+01
   -0.8116136251E+02    0.8720355988E+01
   -0.8165611122E+02    0.8508177757E+01
   -0.8215085994E+02    0.6545037270E+01
   -0.8264560865E+02    0.8952865601E+01
   -0.8314035736E+02    0.8686329842E+01
   -0.8363510607E+02    0.8055925369E+01
   -0.8412985478E+02    0.8136426926E+01
   -0.8462460349E+02    0.7424991131E+01
   -0.8511935220E+02    0.7225512028E+01
   -0.8561410092E+02    0.7926237583E+01
   -0.8610884963E+02    0.7939331055E+01
   -0.8660359834E+02    0.9305639267E+01
   -0.8709834705E+02    0.6284477711E+01
   -0.8759309576E+02    0.8124442101E+01
   -0.8808784447E+02    0.7382663727E+01
   -0.8858259319E+02    0.6960510731E+01
   -0.8907734190E+02    0.7423860550E+01
   -0.8957209061E+02    0.7728639603E+01
   -0.9006683932E+02    0.6291775703E+01
   -0.9056158803E+02    0.7313557625E+01
   -0.9105633674E+02    0.5108075142E+01
   -0.9155108546E+02    0.6726349354E+01
   -0.9204583417E+02    0.5808804989E+01
   -0.9254058288E+02    0.8533468246E+01
   -0.9303533159E+02    0.9252602577E+01
   -0.9353008030E+02    0.6943425179E+01
   -0.9402482901E+02    0.8938137054E+01
   -0.9451957772E+02    0.8481415749E+01
   -0.9501432644E+02    0.8784062386E+01
   -0.9550907515E+02    0.8600262642E+01
   -0.9600382386E+02    0.8884740829E+01
   -0.9649857257E+02    0.8823961258E+01
   -0.9699332128E+02    0.8175494194E+01
   -0.9748806999E+02    0.8661149025E+01
   -0.9798281871E+02    0.8782629013E+01
   -0.9847756742E+02    0.7490804672E+01
   -0.9897231613E+02    0.8514918327E+01
   -0.9946706484E+02    0.8966306686E+01
   -0.9996181355E+02    0.9112469673E+01
   -0.1004565623E+03    0.1012417316E+02
   -0.1009513110E+03    0.9421383858E+01
   -0.1014460597E+03    0.8016732216E+01
   -0.1019408084E+03    0.8708855629E+01
   -0.1024355571E+03    0.9097473145E+01
   -0.1029303058E+03    0.7750318050E+01
   -0.1034250545E+03    0.7394862652E+01
   -0.1039198032E+03    0.8569519043E+01
   -0.1044145520E+03    0.1017705631E+02
   -0.1049093007E+03    0.8676266670E+01
   -0.1054040494E+03    0.8584442139E+01
   -0.1058987981E+03    0.7400235653E+01
   -0.1063935468E+03    0.9616029739E+01
   -0.1068882955E+03    0.7914816856E+01
   -0.1073830442E+03    0.5997292519E+01
   -0.1078777929E+03    0.1116473103E+02
   -0.1083725416E+03    0.6414086819E+01
   -0.1088672904E+03    0.8579045296E+01
   -0.1093620391E+03    0.8932841301E+01
   -0.1098567878E+03    0.7821962833E+01
   -0.1103515365E+03    0.8506513596E+01
   -0.1108462852E+03    0.7640534401E+01
   -0.1113410339E+03    0.1047803211E+02
   -0.1118357826E+03    0.7428449154E+01
   -0.1123305313E+03    0.8436455727E+01
   -0.1128252801E+03    0.7421601295E+01
   -0.1133200288E+03    0.8428714752E+01
   -0.1138147775E+03    0.6449005604E+01
   -0.1143095262E+03    0.7793253899E+01
   -0.1148042749E+03    0.7537256718E+01
   -0.1152990236E+03    0.7181454182E+01
   -0.1157937723E+03    0.8515245438E+01
   -0.1162885210E+03    0.7359957695E+01
   -0.1167832697E+03    0.9413649559E+01
   -0.1172780185E+03    0.6789061546E+01
   -0.1177727672E+03    0.9637693405E+01
   -0.1182675159E+03    0.5321117401E+01
   -0.1187622646E+03    0.7782752037E+01
   -0.1192570133E+03    0.9239204407E+01
   -0.1197517620E+03    0.1159773636E+02
   -0.1202465107E+03    0.9141093254E+01
   -0.1207412594E+03    0.8130236626E+01
   -0.1212360082E+03    0.8467834473E+01
   -0.1217307569E+03    0.6566263199E+01
   -0.1222255056E+03    0.9592775345E+01
   -0.1227202543E+03    0.7201563835E+01
   -0.1232150030E+03    0.6686031818E+01
   -0.1237097517E+03    0.1011753654E+02
   -0.1242045004E+03    0.4418554306E+01
   -0.1246992491E+03    0.1024776173E+02
   -0.1251939978E+03    0.1136737251E+02
   -0.1256887466E+03    0.9346279144E+01
   -0.1261834953E+03    0.7597612381E+01
   -0.1266782440E+03    0.8929211617E+01
   -0.1271729927E+03    0.5778172493E+01
   -0.1276677414E+03    0.8976396561E+01
   -0.1281624901E+03    0.1297288990E+02
   -0.1286572388E+03    0.8189783096E+01
   -0.1291519875E+03    0.8347146034E+01
   -0.1296467362E+03    0.8190559387E+01
   -0.1301414850E+03    0.7201483727E+01
   -0.1306362337E+03    0.9475944519E+01
   -0.1311309824E+03    0.6808894157E+01
   -0.1316257311E+03    0.9598770142E+01
   -0.1321204798E+03    0.9473852158E+01
   -0.1326152285E+03    0.8256683350E+01
   -0.1331099772E+03    0.4814840794E+01
   -0.1336047259E+03   -0.1669650078E+01
   -0.1340994747E+03    0.6952153206E+01
   -0.1345942234E+03    0.9214653015E+01
   -0.1350889721E+03    0.2341405392E+01
   -0.1355837208E+03    0.1839065552E+00
   -0.1360784695E+03    0.1062655830E+02
   -0.1365732182E+03    0.3943684101E+01
   -0.1370679669E+03    0.5486117363E+01
   -0.1375627156E+03    0.8582687378E+01
   -0.1380574643E+03    0.2032301426E+01
   -0.1385522131E+03    0.1048795891E+02
   -0.1390469618E+03    0.5955759048E+01
   -0.1395417105E+03    0.5210827827E+01
   -0.1400364592E+03    0.1139680672E+02
   -0.1405312079E+03    0.3145481586E+01
   -0.1410259566E+03    0.1174815845E+02
   -0.1415207053E+03    0.5078354836E+01
   -0.1420154540E+03    0.7558704376E+01
   -0.1425102027E+03    0.9646183014E+01
   -0.1430049515E+03    0.4407105446E+01
   -0.1434997002E+03    0.9833875656E+01
   -0.1439944489E+03    0.7809459686E+01
   -0.1444891976E+03    0.1414503765E+02
   -0.1449839463E+03    0.4508848667E+01
   -0.1454786950E+03    0.4381150246E+01
   -0.1459734437E+03    0.1616427231E+02
   -0.1464681924E+03    0.2520990372E+02
   -0.1469629412E+03   -0.1234560000E+11
   -0.1474576899E+03   -0.1234560000E+11
   -0.1479524386E+03    0.2156090927E+02
   -0.1484471873E+03   -0.3040832520E+01
   -0.1489419360E+03   -0.1234560000E+11
   -0.1494366847E+03    0.2103476715E+02
   -0.1499314334E+03   -0.3747271538E+01
   -0.1504261821E+03   -0.1234560000E+11
   -0.1509209308E+03   -0.1234560000E+11
   -0.1514156796E+03   -0.1234560000E+11
   -0.1519104283E+03   -0.1234560000E+11
   -0.1524051770E+03   -0.1234560000E+11
   -0.1528999257E+03   -0.1234560000E+11
   -0.1533946744E+03   -0.1234560000E+11
   -0.1538894231E+03   -0.1234560000E+11
   -0.1543841718E+03   -0.1234560000E+11
   -0.1548789205E+03   -0.1234560000E+11
   -0.1553736693E+03   -0.1234560000E+11
   -0.1558684180E+03   -0.1234560000E+11
   -0.1563631667E+03   -0.1234560000E+11
   -0.1568579154E+03   -0.1234560000E+11
   -0.1573526641E+03   -0.1234560000E+11
   -0.1578474128E+03   -0.1234560000E+11
   -0.1583421615E+03   -0.1234560000E+11
   -0.1588369102E+03   -0.1234560000E+11
   -0.1593316589E+03   -0.1234560000E+11
   -0.1598264077E+03   -0.1234560000E+11
   -0.1603211564E+03   -0.1234560000E+11
   -0.1608159051E+03   -0.1234560000E+11
   -0.1613106538E+03   -0.1234560000E+11
   -0.1618054025E+03   -0.1234560000E+11
   -0.1623001512E+03   -0.1234560000E+11
   -0.1627948999E+03   -0.1234560000E+11
   -0.1632896486E+03   -0.1234560000E+11
   -0.1637843973E+03   -0.1234560000E+11
   -0.1642791461E+03    0.2042265320E+02
   -0.1647738948E+03   -0.1234560000E+11
   -0.1652686435E+03   -0.1234560000E+11
   -0.1657633922E+03   -0.1234560000E+11
   -0.1662581409E+03   -0.1234560000E+11
   -0.1667528896E+03   -0.1234560000E+11
   -0.1672476383E+03   -0.1234560000E+11
   -0.1677423870E+03   -0.1234560000E+11
   -0.1682371358E+03   -0.1234560000E+11
   -0.1687318845E+03   -0.1234560000E+11
   -0.1692266332E+03   -0.1234560000E+11
   -0.1697213819E+03   -0.1234560000E+11
   -0.1702161306E+03   -0.1234560000E+11
   -0.1707108793E+03   -0.1234560000E+11
   -0.1712056280E+03   -0.1234560000E+11
   -0.1717003767E+03   -0.1234560000E+11
   -0.1721951254E+03   -0.1234560000E+11
   -0.1726898742E+03   -0.1234560000E+11
   -0.1731846229E+03   -0.1234560000E+11
   -0.1736793716E+03   -0.1234560000E+11
   -0.1741741203E+03   -0.1234560000E+11
   -0.1746688690E+03   -0.1234560000E+11
   -0.1751636177E+03   -0.1234560000E+11
   -0.1756583664E+03   -0.1234560000E+11
   -0.1761531151E+03   -0.1234560000E+11
   -0.1766478638E+03   -0.1234560000E+11
   -0.1771426126E+03   -0.1234560000E+11
   -0.1776373613E+03   -0.1234560000E+11
   -0.1781321100E+03   -0.1234560000E+11
   -0.1786268587E+03   -0.1234560000E+11
   -0.1791216074E+03   -0.1234560000E+11
   -0.1796163561E+03   -0.1234560000E+11
   -0.1801111048E+03   -0.1234560000E+11
   -0.1806058535E+03   -0.1234560000E+11
   -0.1811006023E+03   -0.1234560000E+11
   -0.1815953510E+03   -0.1234560000E+11
   -0.1820900997E+03   -0.1234560000E+11
   -0.1825848484E+03   -0.1234560000E+11
   -0.1830795971E+03   -0.1234560000E+11
   -0.1835743458E+03   -0.1234560000E+11
   -0.1840690945E+03   -0.1234560000E+11
   -0.1845638432E+03   -0.1234560000E+11
   -0.1850585919E+03   -0.1234560000E+11
   -0.1855533407E+03   -0.1234560000E+11
   -0.1860480894E+03   -0.1234560000E+11
   -0.1865428381E+03   -0.1234560000E+11
   -0.1870375868E+03   -0.1234560000E+11
   -0.1875323355E+03   -0.1234560000E+11
   -0.1880270842E+03   -0.1234560000E+11
   -0.1885218329E+03   -0.1234560000E+11
   -0.1890165816E+03   -0.1234560000E+11
   -0.1895113303E+03   -0.1234560000E+11
   -0.1900060791E+03   -0.1234560000E+11
   -0.1905008278E+03   -0.1234560000E+11
   -0.1909955765E+03   -0.1234560000E+11
   -0.1914903252E+03   -0.1234560000E+11
   -0.1919850739E+03   -0.1234560000E+11
   -0.1924798226E+03   -0.1234560000E+11
   -0.1929745713E+03   -0.1234560000E+11
   -0.1934693200E+03   -0.1234560000E+11
   -0.1939640688E+03   -0.1234560000E+11
   -0.1944588175E+03   -0.1234560000E+11
   -0.1949535662E+03   -0.1234560000E+11
   -0.1954483149E+03   -0.1234560000E+11
   -0.1959430636E+03   -0.1234560000E+11
   -0.1964378123E+03   -0.1234560000E+11
   -0.1969325610E+03   -0.1234560000E+11
   -0.1974273097E+03   -0.1234560000E+11
   -0.1979220584E+03   -0.1234560000E+11
   -0.1984168072E+03   -0.1234560000E+11
   -0.1989115559E+03   -0.1234560000E+11
   -0.1994063046E+03   -0.1234560000E+11
   -0.1999010533E+03   -0.1234560000E+11
   -0.2003958020E+03   -0.1234560000E+11
   -0.2008905507E+03   -0.1234560000E+11
   -0.2013852994E+03   -0.1234560000E+11
   -0.2018800481E+03   -0.1234560000E+11
   -0.2023747969E+03   -0.1234560000E+11
   -0.2028695456E+03   -0.1234560000E+11
   -0.2033642943E+03   -0.1234560000E+11
   -0.2038590430E+03   -0.1234560000E+11
   -0.2043537917E+03   -0.1234560000E+11
   -0.2048485404E+03   -0.1234560000E+11
   -0.2053432891E+03   -0.1234560000E+11
   -0.2058380378E+03   -0.1234560000E+11
   -0.2063327865E+03   -0.1234560000E+11
   -0.2068275353E+03   -0.1234560000E+11
   -0.2073222840E+03   -0.1234560000E+11
   -0.2078170327E+03   -0.1234560000E+11
   -0.2083117814E+03   -0.1234560000E+11
   -0.2088065301E+03   -0.1234560000E+11
   -0.2093012788E+03   -0.1234560000E+11
   -0.2097960275E+03   -0.1234560000E+11
   -0.2102907762E+03   -0.1234560000E+11
   -0.2107855249E+03   -0.1234560000E+11
   -0.2112802737E+03   -0.1234560000E+11
   -0.2117750224E+03   -0.1234560000E+11
   -0.2122697711E+03   -0.1234560000E+11
   -0.2127645198E+03   -0.1234560000E+11
   -0.2132592685E+03   -0.1234560000E+11
   -0.2137540172E+03   -0.1234560000E+11
   -0.2142487659E+03   -0.1234560000E+11
   -0.2147435146E+03   -0.1234560000E+11
   -0.2152382634E+03   -0.1234560000E+11
   -0.2157330121E+03   -0.1234560000E+11
   -0.2162277608E+03   -0.1234560000E+11
   -0.2167225095E+03   -0.1234560000E+11
   -0.2172172582E+03   -0.1234560000E+11
   -0.2177120069E+03   -0.1234560000E+11
   -0.2182067556E+03   -0.1234560000E+11
   -0.2187015043E+03   -0.1234560000E+11
   -0.2191962530E+03   -0.1234560000E+11
   -0.2196910018E+03   -0.1234560000E+11
   -0.2201857505E+03   -0.1234560000E+11
   -0.2206804992E+03   -0.1234560000E+11
   -0.2211752479E+03   -0.1234560000E+11
   -0.2216699966E+03   -0.1234560000E+11
   -0.2221647453E+03   -0.1234560000E+11
   -0.2226594940E+03   -0.1234560000E+11
   -0.2231542427E+03   -0.1234560000E+11
   -0.2236489914E+03   -0.1234560000E+11
   -0.2241437402E+03   -0.1234560000E+11
   -0.2246384889E+03   -0.1234560000E+11
   -0.2251332376E+03   -0.1234560000E+11
   -0.2256279863E+03   -0.1234560000E+11
   -0.2261227350E+03   -0.1234560000E+11
   -0.2266174837E+03   -0.1234560000E+11
   -0.2271122324E+03   -0.1234560000E+11
   -0.2276069811E+03   -0.1234560000E+11
   -0.2281017299E+03   -0.1234560000E+11
   -0.2285964786E+03   -0.1234560000E+11
   -0.2290912273E+03   -0.1234560000E+11
   -0.2295859760E+03   -0.1234560000E+11
   -0.2300807247E+03   -0.1234560000E+11
   -0.2305754734E+03   -0.1234560000E+11
   -0.2310702221E+03   -0.1234560000E+11
   -0.2315649708E+03   -0.1234560000E+11
   -0.2320597195E+03   -0.1234560000E+11
   -0.2325544683E+03   -0.1234560000E+11
   -0.2330492170E+03   -0.1234560000E+11
   -0.2335439657E+03   -0.1234560000E+11
   -0.2340387144E+03   -0.1234560000E+11
   -0.2345334631E+03   -0.1234560000E+11
   -0.2350282118E+03   -0.1234560000E+11
   -0.2355229605E+03   -0.1234560000E+11
   -0.2360177092E+03   -0.1234560000E+11
   -0.2365124580E+03   -0.1234560000E+11
   -0.2370072067E+03   -0.1234560000E+11
   -0.2375019554E+03   -0.1234560000E+11
   -0.2379967041E+03   -0.1234560000E+11
   -0.2384914528E+03   -0.1234560000E+11
   -0.2389862015E+03   -0.1234560000E+11
   -0.2394809502E+03   -0.1234560000E+11
   -0.2399756989E+03   -0.1234560000E+11
   -0.2404704476E+03   -0.1234560000E+11
   -0.2409651964E+03   -0.1234560000E+11
   -0.2414599451E+03   -0.1234560000E+11
   -0.2419546938E+03   -0.1234560000E+11
   -0.2424494425E+03   -0.1234560000E+11
   -0.2429441912E+03   -0.1234560000E+11
   -0.2434389399E+03   -0.1234560000E+11
   -0.2439336886E+03   -0.1234560000E+11
   -0.2444284373E+03   -0.1234560000E+11
   -0.2449231860E+03   -0.1234560000E+11
   -0.2454179348E+03   -0.1234560000E+11
   -0.2459126835E+03   -0.1234560000E+11
   -0.2464074322E+03   -0.1234560000E+11
   -0.2469021809E+03   -0.1234560000E+11
   -0.2473969296E+03   -0.1234560000E+11
   -0.2478916783E+03   -0.1234560000E+11
   -0.2483864270E+03   -0.1234560000E+11
   -0.2488811757E+03   -0.1234560000E+11
   -0.2493759245E+03   -0.1234560000E+11
   -0.2498706732E+03   -0.1234560000E+11
   -0.2503654219E+03   -0.1234560000E+11
   -0.2508601706E+03   -0.1234560000E+11
   -0.2513549193E+03   -0.1234560000E+11
   -0.2518496680E+03   -0.1234560000E+11
   -0.2523444167E+03   -0.1234560000E+11
   -0.2528391654E+03   -0.1234560000E+11
   -0.2533339141E+03   -0.1234560000E+11
   -0.2538286629E+03   -0.1234560000E+11
   -0.2543234116E+03   -0.1234560000E+11
   -0.2548181603E+03   -0.1234560000E+11
   -0.2553129090E+03   -0.1234560000E+11
   -0.2558076577E+03   -0.1234560000E+11
   -0.2563024064E+03   -0.1234560000E+11
   -0.2567971551E+03   -0.1234560000E+11
   -0.2572919038E+03   -0.1234560000E+11
   -0.2577866525E+03   -0.1234560000E+11
   -0.2582814013E+03   -0.1234560000E+11
   -0.2587761500E+03   -0.1234560000E+11
   -0.2592708987E+03   -0.1234560000E+11
   -0.2597656474E+03   -0.1234560000E+11
   -0.2602603961E+03   -0.1234560000E+11
   -0.2607551448E+03   -0.1234560000E+11
   -0.2612498935E+03   -0.1234560000E+11
   -0.2617446422E+03   -0.1234560000E+11
   -0.2622393910E+03   -0.1234560000E+11
   -0.2627341397E+03   -0.1234560000E+11
   -0.2632288884E+03   -0.1234560000E+11
   -0.2637236371E+03   -0.1234560000E+11
   -0.2642183858E+03   -0.1234560000E+11
   -0.2647131345E+03   -0.1234560000E+11
   -0.2652078832E+03   -0.1234560000E+11
   -0.2657026319E+03   -0.1234560000E+11
   -0.2661973806E+03   -0.1234560000E+11
   -0.2666921294E+03   -0.1234560000E+11
   -0.2671868781E+03   -0.1234560000E+11
   -0.2676816268E+03   -0.1234560000E+11
   -0.2681763755E+03   -0.1234560000E+11
   -0.2686711242E+03   -0.1234560000E+11
   -0.2691658729E+03   -0.1234560000E+11
   -0.2696606216E+03   -0.1234560000E+11
   -0.2701553703E+03   -0.1234560000E+11
   -0.2706501190E+03   -0.1234560000E+11
   -0.2711448678E+03   -0.1234560000E+11
   -0.2716396165E+03   -0.1234560000E+11
   -0.2721343652E+03   -0.1234560000E+11
   -0.2726291139E+03   -0.1234560000E+11
   -0.2731238626E+03   -0.1234560000E+11
   -0.2736186113E+03   -0.1234560000E+11
   -0.2741133600E+03   -0.1234560000E+11
   -0.2746081087E+03   -0.1234560000E+11
   -0.2751028575E+03   -0.1234560000E+11
   -0.2755976062E+03   -0.1234560000E+11
   -0.2760923549E+03   -0.1234560000E+11
   -0.2765871036E+03   -0.1234560000E+11
   -0.2770818523E+03   -0.1234560000E+11
   -0.2775766010E+03   -0.1234560000E+11
   -0.2780713497E+03   -0.1234560000E+11
   -0.2785660984E+03   -0.1234560000E+11
   -0.2790608471E+03   -0.1234560000E+11
   -0.2795555959E+03   -0.1234560000E+11
   -0.2800503446E+03   -0.1234560000E+11
   -0.2805450933E+03   -0.1234560000E+11
   -0.2810398420E+03   -0.1234560000E+11
   -0.2815345907E+03   -0.1234560000E+11
   -0.2820293394E+03   -0.1234560000E+11
   -0.2825240881E+03   -0.1234560000E+11
   -0.2830188368E+03   -0.1234560000E+11
   -0.2835135856E+03   -0.1234560000E+11
   -0.2840083343E+03   -0.1234560000E+11
   -0.2845030830E+03   -0.1234560000E+11
   -0.2849978317E+03   -0.1234560000E+11
   -0.2854925804E+03   -0.1234560000E+11
   -0.2859873291E+03   -0.1234560000E+11
   -0.2864820778E+03   -0.1234560000E+11
   -0.2869768265E+03   -0.1234560000E+11
   -0.2874715752E+03   -0.1234560000E+11
   -0.2879663240E+03   -0.1234560000E+11
   -0.2884610727E+03   -0.1234560000E+11
   -0.2889558214E+03   -0.1234560000E+11
   -0.2894505701E+03   -0.1234560000E+11
   -0.2899453188E+03   -0.1234560000E+11
   -0.2904400675E+03   -0.1234560000E+11
   -0.2909348162E+03   -0.1234560000E+11
   -0.2914295649E+03   -0.1234560000E+11
   -0.2919243136E+03   -0.1234560000E+11
   -0.2924190624E+03   -0.1234560000E+11
   -0.2929138111E+03   -0.1234560000E+11
   -0.2934085598E+03   -0.1234560000E+11
   -0.2939033085E+03   -0.1234560000E+11
   -0.2943980572E+03   -0.1234560000E+11
   -0.2948928059E+03   -0.1234560000E+11
   -0.2953875546E+03   -0.1234560000E+11
   -0.2958823033E+03   -0.1234560000E+11
   -0.2963770521E+03   -0.1234560000E+11
   -0.2968718008E+03   -0.1234560000E+11
   -0.2973665495E+03   -0.1234560000E+11
   -0.2978612982E+03   -0.1234560000E+11
   -0.2983560469E+03   -0.1234560000E+11
   -0.2988507956E+03   -0.1234560000E+11
   -0.2993455443E+03   -0.1234560000E+11
   -0.2998402930E+03   -0.1234560000E+11
   -0.3003350417E+03   -0.1234560000E+11
   -0.3008297905E+03   -0.1234560000E+11
   -0.3013245392E+03   -0.1234560000E+11
   -0.3018192879E+03   -0.1234560000E+11
   -0.3023140366E+03   -0.1234560000E+11
   -0.3028087853E+03   -0.1234560000E+11
   -0.3033035340E+03   -0.1234560000E+11
   -0.3037982827E+03   -0.1234560000E+11
   -0.3042930314E+03   -0.1234560000E+11
   -0.3047877801E+03   -0.1234560000E+11
   -0.3052825289E+03   -0.1234560000E+11
   -0.3057772776E+03   -0.1234560000E+11
   -0.3062720263E+03   -0.1234560000E+11
   -0.3067667750E+03   -0.1234560000E+11
   -0.3072615237E+03   -0.1234560000E+11
   -0.3077562724E+03   -0.1234560000E+11
   -0.3082510211E+03   -0.1234560000E+11
   -0.3087457698E+03   -0.1234560000E+11
   -0.3092405186E+03   -0.1234560000E+11
   -0.3097352673E+03   -0.1234560000E+11
   -0.3102300160E+03   -0.1234560000E+11
   -0.3107247647E+03   -0.1234560000E+11
   -0.3112195134E+03   -0.1234560000E+11
   -0.3117142621E+03   -0.1234560000E+11
   -0.3122090108E+03   -0.1234560000E+11
   -0.3127037595E+03   -0.1234560000E+11
   -0.3131985082E+03   -0.1234560000E+11
   -0.3136932570E+03   -0.1234560000E+11
   -0.3141880057E+03   -0.1234560000E+11
   -0.3146827544E+03   -0.1234560000E+11
   -0.3151775031E+03   -0.1234560000E+11
   -0.3156722518E+03   -0.1234560000E+11
   -0.3161670005E+03   -0.1234560000E+11
   -0.3166617492E+03   -0.1234560000E+11
   -0.3171564979E+03   -0.1234560000E+11
   -0.3176512467E+03   -0.1234560000E+11
   -0.3181459954E+03   -0.1234560000E+11
   -0.3186407441E+03   -0.1234560000E+11
   -0.3191354928E+03   -0.1234560000E+11
   -0.3196302415E+03   -0.1234560000E+11
   -0.3201249902E+03   -0.1234560000E+11
   -0.3206197389E+03   -0.1234560000E+11
   -0.3211144876E+03   -0.1234560000E+11
   -0.3216092363E+03   -0.1234560000E+11
   -0.3221039851E+03   -0.1234560000E+11
   -0.3225987338E+03   -0.1234560000E+11
   -0.3230934825E+03   -0.1234560000E+11
   -0.3235882312E+03   -0.1234560000E+11
   -0.3240829799E+03   -0.1234560000E+11
   -0.3245777286E+03   -0.1234560000E+11
   -0.3250724773E+03   -0.1234560000E+11
   -0.3255672260E+03   -0.1234560000E+11
   -0.3260619747E+03   -0.1234560000E+11
   -0.3265567235E+03   -0.1234560000E+11
   -0.3270514722E+03   -0.1234560000E+11
   -0.3275462209E+03   -0.1234560000E+11
   -0.3280409696E+03   -0.1234560000E+11
   -0.3285357183E+03   -0.1234560000E+11
   -0.3290304670E+03   -0.1234560000E+11
   -0.3295252157E+03   -0.1234560000E+11
   -0.3300199644E+03   -0.1234560000E+11
   -0.3305147132E+03   -0.1234560000E+11
   -0.3310094619E+03   -0.1234560000E+11
   -0.3315042106E+03   -0.1234560000E+11
   -0.3319989593E+03   -0.1234560000E+11
   -0.3324937080E+03   -0.1234560000E+11
   -0.3329884567E+03   -0.1234560000E+11
   -0.3334832054E+03   -0.1234560000E+11
   -0.3339779541E+03   -0.1234560000E+11
   -0.3344727028E+03   -0.1234560000E+11
   -0.3349674516E+03   -0.4975102425E+01
   -0.3354622003E+03   -0.1234560000E+11
   -0.3359569490E+03    0.5936051846E+01
   -0.3364516977E+03   -0.1234560000E+11
   -0.3369464464E+03   -0.1234560000E+11
   -0.3374411951E+03    0.1748330688E+02
