   -0.5270281313E+02    0.0000000000E+00
   -0.5124692795E+02    0.0000000000E+00
   -0.4979104278E+02    0.0000000000E+00
   -0.4833515761E+02    0.0000000000E+00
   -0.4687927244E+02    0.0000000000E+00
   -0.4542338727E+02    0.0000000000E+00
   -0.4396750209E+02    0.0000000000E+00
   -0.4251161692E+02    0.0000000000E+00
   -0.4105573175E+02    0.0000000000E+00
   -0.3959984658E+02    0.0000000000E+00
   -0.3814396141E+02    0.0000000000E+00
   -0.3668807623E+02    0.0000000000E+00
   -0.3523219106E+02    0.0000000000E+00
   -0.3377630589E+02    0.0000000000E+00
   -0.3232042072E+02    0.0000000000E+00
   -0.3086453555E+02    0.7415796757E+01
   -0.2940865037E+02    0.6348097801E+01
   -0.2795276520E+02    0.8157577515E+01
   -0.2649688003E+02    0.7562107563E+01
   -0.2504099486E+02    0.8764234543E+01
   -0.2358510969E+02    0.7605978966E+01
   -0.2212922452E+02    0.7883722305E+01
   -0.2067333934E+02    0.7598937988E+01
   -0.1921745417E+02    0.8149197578E+01
   -0.1776156900E+02    0.8968127251E+01
   -0.1630568383E+02    0.8039056778E+01
   -0.1484979866E+02    0.7767600536E+01
   -0.1339391348E+02    0.9065139771E+01
   -0.1193802831E+02    0.8058340073E+01
   -0.1048214314E+02    0.7749661446E+01
   -0.9026257969E+01    0.7220200062E+01
   -0.7570372797E+01    0.6131543159E+01
   -0.6114487625E+01    0.6038004875E+01
   -0.4658602453E+01    0.5181899071E+01
   -0.3202717281E+01    0.4744009495E+01
   -0.1746832109E+01    0.2157793283E+01
   -0.2909469372E+00    0.1539716840E+01
    0.1164938235E+01    0.1347373605E+01
    0.2620823407E+01    0.4596331716E+00
    0.4076708578E+01    0.4371523857E-02
    0.5532593750E+01   -0.2694231570E+00
    0.6988478922E+01    0.3290017545E+00
    0.8444364094E+01   -0.6557361037E-01
    0.9900249266E+01    0.5983499289E+00
    0.1135613444E+02   -0.5343595147E-01
    0.1281201961E+02   -0.1345946044E+00
    0.1426790478E+02    0.1120475888E+01
    0.1572378995E+02   -0.1784094870E+00
    0.1717967513E+02    0.6195333600E+00
    0.1863556030E+02    0.1316025138E+01
    0.2009144547E+02    0.2888772011E+01
    0.2154733064E+02    0.4156785011E+01
    0.2300321581E+02    0.5261507988E+01
    0.2445910098E+02    0.6179493904E+01
    0.2591498616E+02    0.5852841854E+01
    0.2737087133E+02    0.4205077648E+01
    0.2882675650E+02    0.1990349054E+01
    0.3028264167E+02    0.3301091909E+01
    0.3173852684E+02    0.2073114872E+01
    0.3319441202E+02    0.1274350435E+00
    0.3465029719E+02    0.7236477137E+00
    0.3610618236E+02    0.1310213447E+01
    0.3756206753E+02    0.1814343333E+01
    0.3901795270E+02    0.8322177529E+00
    0.4047383788E+02    0.9765435457E+00
    0.4192972305E+02    0.3370434761E+01
    0.4338560822E+02    0.4742690086E+01
    0.4484149339E+02    0.6447103024E+01
    0.4629737856E+02    0.5174457550E+01
    0.4775326374E+02    0.5602746964E+01
    0.4920914891E+02    0.4770218849E+01
    0.5066503408E+02    0.3455002785E+01
    0.5212091925E+02    0.3327599287E+01
    0.5357680442E+02    0.5548742414E+00
    0.5503268959E+02    0.1420291305E+01
    0.5648857477E+02    0.8275247812E+00
    0.5794445994E+02    0.1610099673E+01
    0.5940034511E+02    0.9882336855E+00
    0.6085623028E+02    0.1441285014E+01
    0.6231211545E+02   -0.7210795581E-01
    0.6376800063E+02    0.1392695785E+01
    0.6522388580E+02    0.3591295719E+01
    0.6667977097E+02    0.4769980431E+01
    0.6813565614E+02    0.5827200890E+01
    0.6959154131E+02    0.5954278946E+01
    0.7104742649E+02    0.7218475342E+01
    0.7250331166E+02    0.9567268372E+01
    0.7395919683E+02    0.7530857086E+01
    0.7541508200E+02    0.7782034874E+01
    0.7687096717E+02    0.8717882156E+01
    0.7832685234E+02    0.6257438660E+01
    0.7978273752E+02    0.8752822876E+01
    0.8123862269E+02    0.0000000000E+00
    0.8269450786E+02    0.0000000000E+00
    0.8415039303E+02    0.0000000000E+00
    0.8560627820E+02    0.0000000000E+00
    0.8706216338E+02    0.0000000000E+00
    0.8851804855E+02    0.0000000000E+00
    0.8997393372E+02    0.0000000000E+00
    0.9142981889E+02    0.0000000000E+00
    0.9288570406E+02    0.0000000000E+00
    0.9434158924E+02    0.0000000000E+00
    0.9579747441E+02    0.0000000000E+00
    0.9725335958E+02    0.0000000000E+00
    0.9870924475E+02    0.0000000000E+00
    0.1001651299E+03    0.0000000000E+00
    0.1016210151E+03    0.0000000000E+00
    0.1030769003E+03    0.0000000000E+00
    0.1045327854E+03    0.0000000000E+00
    0.1059886706E+03    0.0000000000E+00
    0.1074445558E+03    0.0000000000E+00
    0.1089004410E+03    0.0000000000E+00
    0.1103563261E+03    0.0000000000E+00
    0.1118122113E+03    0.0000000000E+00
    0.1132680965E+03    0.0000000000E+00
    0.1147239816E+03    0.0000000000E+00
    0.1161798668E+03    0.0000000000E+00
    0.1176357520E+03    0.0000000000E+00
    0.1190916372E+03    0.0000000000E+00
    0.1205475223E+03    0.0000000000E+00
    0.1220034075E+03    0.0000000000E+00
    0.1234592927E+03    0.0000000000E+00
    0.1249151778E+03    0.0000000000E+00
    0.1263710630E+03    0.0000000000E+00
    0.1278269482E+03    0.0000000000E+00
    0.1292828334E+03    0.0000000000E+00
    0.1307387185E+03    0.0000000000E+00
    0.1321946037E+03    0.0000000000E+00
    0.1336504889E+03    0.0000000000E+00
    0.1351063740E+03    0.0000000000E+00
    0.1365622592E+03    0.0000000000E+00
    0.1380181444E+03    0.0000000000E+00
    0.1394740296E+03    0.0000000000E+00
    0.1409299147E+03    0.0000000000E+00
    0.1423857999E+03    0.0000000000E+00
    0.1438416851E+03    0.0000000000E+00
    0.1452975703E+03    0.0000000000E+00
    0.1467534554E+03    0.0000000000E+00
    0.1482093406E+03    0.0000000000E+00
    0.1496652258E+03    0.0000000000E+00
    0.1511211109E+03    0.0000000000E+00
    0.1525769961E+03    0.0000000000E+00
    0.1540328813E+03    0.0000000000E+00
    0.1554887665E+03    0.0000000000E+00
    0.1569446516E+03    0.0000000000E+00
    0.1584005368E+03    0.0000000000E+00
    0.1598564220E+03    0.0000000000E+00
    0.1613123071E+03    0.0000000000E+00
    0.1627681923E+03    0.0000000000E+00
    0.1642240775E+03    0.0000000000E+00
    0.1656799627E+03    0.0000000000E+00
    0.1671358478E+03    0.0000000000E+00
    0.1685917330E+03    0.0000000000E+00
    0.1700476182E+03    0.0000000000E+00
    0.1715035033E+03    0.0000000000E+00
    0.1729593885E+03    0.0000000000E+00
    0.1744152737E+03    0.0000000000E+00
    0.1758711589E+03    0.0000000000E+00
    0.1773270440E+03    0.0000000000E+00
    0.1787829292E+03    0.0000000000E+00
    0.1802388144E+03    0.0000000000E+00
    0.1816946995E+03    0.0000000000E+00
    0.1831505847E+03    0.0000000000E+00
    0.1846064699E+03    0.0000000000E+00
    0.1860623551E+03    0.0000000000E+00
    0.1875182402E+03    0.0000000000E+00
    0.1889741254E+03    0.0000000000E+00
    0.1904300106E+03    0.0000000000E+00
    0.1918858958E+03    0.0000000000E+00
    0.1933417809E+03    0.0000000000E+00
    0.1947976661E+03    0.0000000000E+00
    0.1962535513E+03    0.0000000000E+00
    0.1977094364E+03    0.0000000000E+00
    0.1991653216E+03    0.0000000000E+00
    0.2006212068E+03    0.0000000000E+00
    0.2020770920E+03    0.0000000000E+00
    0.2035329771E+03    0.0000000000E+00
    0.2049888623E+03    0.0000000000E+00
    0.2064447475E+03    0.0000000000E+00
    0.2079006326E+03    0.0000000000E+00
    0.2093565178E+03    0.0000000000E+00
    0.2108124030E+03    0.0000000000E+00
    0.2122682882E+03    0.0000000000E+00
    0.2137241733E+03    0.0000000000E+00
    0.2151800585E+03    0.0000000000E+00
    0.2166359437E+03    0.0000000000E+00
    0.2180918288E+03    0.0000000000E+00
    0.2195477140E+03    0.0000000000E+00
    0.2210035992E+03    0.0000000000E+00
    0.2224594844E+03    0.0000000000E+00
    0.2239153695E+03    0.0000000000E+00
    0.2253712547E+03    0.0000000000E+00
    0.2268271399E+03    0.0000000000E+00
    0.2282830250E+03    0.0000000000E+00
    0.2297389102E+03    0.0000000000E+00
    0.2311947954E+03    0.0000000000E+00
    0.2326506806E+03    0.0000000000E+00
    0.2341065657E+03    0.0000000000E+00
    0.2355624509E+03    0.0000000000E+00
    0.2370183361E+03    0.0000000000E+00
    0.2384742213E+03    0.0000000000E+00
    0.2399301064E+03    0.0000000000E+00
    0.2413859916E+03    0.0000000000E+00
    0.2428418768E+03    0.0000000000E+00
    0.2442977619E+03    0.0000000000E+00
    0.2457536471E+03    0.0000000000E+00
    0.2472095323E+03    0.0000000000E+00
    0.2486654175E+03    0.0000000000E+00
    0.2501213026E+03    0.0000000000E+00
    0.2515771878E+03    0.0000000000E+00
    0.2530330730E+03    0.0000000000E+00
    0.2544889581E+03    0.0000000000E+00
    0.2559448433E+03    0.0000000000E+00
    0.2574007285E+03    0.0000000000E+00
    0.2588566137E+03    0.0000000000E+00
