   -0.3071457162E+02    0.5544800415E+03
   -0.2925865616E+02    0.8973266602E+01
   -0.2780274071E+02    0.9161917686E+01
   -0.2634682526E+02    0.1093152523E+02
   -0.2489090981E+02    0.8213154793E+01
   -0.2343499436E+02    0.8413531303E+01
   -0.2197907891E+02    0.1008476448E+02
   -0.2052316346E+02    0.1051323032E+02
   -0.1906724801E+02    0.9487648010E+01
   -0.1761133256E+02    0.9154121399E+01
   -0.1615541710E+02    0.9996631622E+01
   -0.1469950165E+02    0.1073691750E+02
   -0.1324358620E+02    0.8751316071E+01
   -0.1178767075E+02    0.1104291439E+02
   -0.1033175530E+02    0.9797778130E+01
   -0.8875839850E+01    0.1141526413E+02
   -0.7419924399E+01    0.1290839958E+02
   -0.5964008948E+01    0.1005970955E+02
   -0.4508093497E+01    0.1101954269E+02
   -0.3052178046E+01    0.1115355396E+02
   -0.1596262594E+01    0.9761107445E+01
   -0.1403471434E+00    0.9151112556E+01
    0.1315568308E+01    0.6614736557E+01
    0.2771483759E+01    0.5350219727E+01
    0.4227399210E+01    0.6513837814E+01
    0.5683314661E+01    0.4836889267E+01
    0.7139230112E+01    0.5034565926E+01
    0.8595145563E+01    0.6825382233E+01
    0.1005106101E+02    0.8648543358E+01
    0.1150697646E+02    0.9379499435E+01
    0.1296289192E+02    0.8484860420E+01
    0.1441880737E+02    0.1249112701E+02
    0.1587472282E+02    0.9960639000E+01
    0.1733063827E+02    0.1138089371E+02
    0.1878655372E+02    0.1080386066E+02
    0.2024246917E+02    0.1203506565E+02
    0.2169838462E+02    0.1158245277E+02
    0.2315430007E+02    0.1072884941E+02
    0.2461021552E+02    0.1002893066E+02
    0.2606613098E+02    0.1082416630E+02
    0.2752204643E+02    0.1184249496E+02
    0.2897796188E+02    0.1269722366E+02
    0.3043387733E+02    0.1198859215E+02
    0.3188979278E+02    0.1208988857E+02
    0.3334570823E+02    0.1002075481E+02
    0.3480162368E+02    0.1231792259E+02
    0.3625753913E+02    0.1051320267E+02
    0.3771345458E+02    0.8757027626E+01
    0.3916937003E+02    0.1216464043E+02
    0.4062528549E+02    0.7076429367E+01
    0.4208120094E+02    0.6217180252E+01
    0.4353711639E+02    0.6639222145E+01
    0.4499303184E+02    0.3595890522E+01
    0.4644894729E+02    0.3189284325E+01
    0.4790486274E+02    0.6034694672E+01
    0.4936077819E+02    0.4373011589E+01
    0.5081669364E+02    0.3505541801E+01
    0.5227260909E+02    0.7442456484E+00
    0.5372852455E+02    0.2110657692E+01
    0.5518444000E+02    0.2131760120E+01
    0.5664035545E+02    0.4078398705E+01
    0.5809627090E+02    0.2887587547E+01
    0.5955218635E+02    0.1863692880E+01
    0.6100810180E+02    0.1559114575E+01
    0.6246401725E+02    0.3258502960E+01
    0.6391993270E+02   -0.3651684821E+00
    0.6537584815E+02   -0.5724915266E+00
    0.6683176360E+02   -0.4712151587E+00
    0.6828767906E+02    0.1120428205E+01
    0.6974359451E+02    0.1602184415E+01
    0.7119950996E+02    0.4550109863E+01
    0.7265542541E+02    0.5675130844E+01
    0.7411134086E+02    0.6220015526E+01
    0.7556725631E+02    0.9311885834E+01
    0.7702317176E+02    0.9109377861E+01
    0.7847908721E+02    0.8089963913E+01
    0.7993500266E+02    0.1131800270E+02
    0.8139091812E+02    0.8605489731E+01
    0.8284683357E+02    0.9732222557E+01
    0.8430274902E+02    0.9128567696E+01
    0.8575866447E+02    0.1096559238E+02
    0.8721457992E+02    0.9523740768E+01
    0.8867049537E+02    0.9532810211E+01
    0.9012641082E+02    0.8301289558E+01
    0.9158232627E+02    0.9431571007E+01
    0.9303824172E+02    0.1081463718E+02
    0.9449415717E+02    0.1094594479E+02
    0.9595007263E+02    0.7684668541E+01
    0.9740598808E+02    0.7149424553E+01
    0.9886190353E+02    0.1144086456E+02
    0.1003178190E+03    0.1010781670E+02
    0.1017737344E+03    0.8394747734E+01
    0.1032296499E+03    0.1143456936E+02
    0.1046855653E+03    0.1235292149E+02
    0.1061414808E+03    0.8123662949E+01
    0.1075973962E+03    0.5863308907E+01
    0.1090533117E+03    0.1266254616E+02
    0.1105092271E+03    0.7474910736E+01
